0 8 17 25 34 42 51 59 68 76 85 93 102 110 119 127
8 17 25 34 42 51 59 68 76 85 93 102 110 119 127 136
17 25 34 42 51 59 68 76 85 93 102 110 119 127 136 144
25 34 42 51 59 68 76 85 93 102 110 119 127 136 144 153
34 42 51 59 68 76 85 93 102 110 119 127 136 144 153 161
42 51 59 68 76 85 93 102 110 119 127 136 144 153 161 170
51 59 68 76 85 93 102 110 119 127 136 144 153 161 170 178
59 68 76 85 93 102 110 119 127 136 144 153 161 170 178 187
68 76 85 93 102 110 119 127 136 144 153 161 170 178 187 195
76 85 93 102 110 119 127 136 144 153 161 170 178 187 195 204
85 93 102 110 119 127 136 144 153 161 170 178 187 195 204 212
93 102 110 119 127 136 144 153 161 170 178 187 195 204 212 221
102 110 119 127 136 144 153 161 170 178 187 195 204 212 221 229
110 119 127 136 144 153 161 170 178 187 195 204 212 221 229 238
119 127 136 144 153 161 170 178 187 195 204 212 221 229 238 246
127 136 144 153 161 170 178 187 195 204 212 221 229 238 246 255