0 7 14 21 29 36 43 51 58 65 73 80 87 94 102 109
7 14 21 29 36 43 51 58 65 73 80 87 94 102 109 116
14 21 29 36 43 51 58 65 73 80 87 94 102 109 116 124
21 29 36 43 51 58 65 73 80 87 94 102 109 116 124 131
29 36 43 51 58 65 73 80 87 94 102 109 116 124 131 138
36 43 51 58 65 73 80 87 94 102 109 116 124 131 138 146
43 51 58 65 73 80 87 94 102 109 116 124 131 138 146 153
51 58 65 73 80 87 94 102 109 116 124 131 138 146 153 160
58 65 73 80 87 94 102 109 116 124 131 138 146 153 160 167
65 73 80 87 94 102 109 116 124 131 138 146 153 160 167 175
73 80 87 94 102 109 116 124 131 138 146 153 160 167 175 182
80 87 94 102 109 116 124 131 138 146 153 160 167 175 182 189
87 94 102 109 116 124 131 138 146 153 160 167 175 182 189 197
94 102 109 116 124 131 138 146 153 160 167 175 182 189 197 204
102 109 116 124 131 138 146 153 160 167 175 182 189 197 204 211
109 116 124 131 138 146 153 160 167 175 182 189 197 204 211 219