0 0 0 0 7 7 7 7 14 14 14 14 21 21 21 21 29 29 29 29 36 36 36 36 43 43 43 43 51 51 51 51 58 58 58 58 65 65 65 65 73 73 73 73 80 80 80 80 87 87 87 87 94 94 94 94 102 102 102 102 109 109 109 109
0 0 0 0 7 7 7 7 14 14 14 14 21 21 21 21 29 29 29 29 36 36 36 36 43 43 43 43 51 51 51 51 58 58 58 58 65 65 65 65 73 73 73 73 80 80 80 80 87 87 87 87 94 94 94 94 102 102 102 102 109 109 109 109
0 0 0 0 7 7 7 7 14 14 14 14 21 21 21 21 29 29 29 29 36 36 36 36 43 43 43 43 51 51 51 51 58 58 58 58 65 65 65 65 73 73 73 73 80 80 80 80 87 87 87 87 94 94 94 94 102 102 102 102 109 109 109 109
0 0 0 0 7 7 7 7 14 14 14 14 21 21 21 21 29 29 29 29 36 36 36 36 43 43 43 43 51 51 51 51 58 58 58 58 65 65 65 65 73 73 73 73 80 80 80 80 87 87 87 87 94 94 94 94 102 102 102 102 109 109 109 109
7 7 7 7 14 14 14 14 21 21 21 21 29 29 29 29 36 36 36 36 43 43 43 43 51 51 51 51 58 58 58 58 65 65 65 65 73 73 73 73 80 80 80 80 87 87 87 87 94 94 94 94 102 102 102 102 109 109 109 109 116 116 116 116
7 7 7 7 14 14 14 14 21 21 21 21 29 29 29 29 36 36 36 36 43 43 43 43 51 51 51 51 58 58 58 58 65 65 65 65 73 73 73 73 80 80 80 80 87 87 87 87 94 94 94 94 102 102 102 102 109 109 109 109 116 116 116 116
7 7 7 7 14 14 14 14 21 21 21 21 29 29 29 29 36 36 36 36 43 43 43 43 51 51 51 51 58 58 58 58 65 65 65 65 73 73 73 73 80 80 80 80 87 87 87 87 94 94 94 94 102 102 102 102 109 109 109 109 116 116 116 116
7 7 7 7 14 14 14 14 21 21 21 21 29 29 29 29 36 36 36 36 43 43 43 43 51 51 51 51 58 58 58 58 65 65 65 65 73 73 73 73 80 80 80 80 87 87 87 87 94 94 94 94 102 102 102 102 109 109 109 109 116 116 116 116
14 14 14 14 21 21 21 21 29 29 29 29 36 36 36 36 43 43 43 43 51 51 51 51 58 58 58 58 65 65 65 65 73 73 73 73 80 80 80 80 87 87 87 87 94 94 94 94 102 102 102 102 109 109 109 109 116 116 116 116 124 124 124 124
14 14 14 14 21 21 21 21 29 29 29 29 36 36 36 36 43 43 43 43 51 51 51 51 58 58 58 58 65 65 65 65 73 73 73 73 80 80 80 80 87 87 87 87 94 94 94 94 102 102 102 102 109 109 109 109 116 116 116 116 124 124 124 124
14 14 14 14 21 21 21 21 29 29 29 29 36 36 36 36 43 43 43 43 51 51 51 51 58 58 58 58 65 65 65 65 73 73 73 73 80 80 80 80 87 87 87 87 94 94 94 94 102 102 102 102 109 109 109 109 116 116 116 116 124 124 124 124
14 14 14 14 21 21 21 21 29 29 29 29 36 36 36 36 43 43 43 43 51 51 51 51 58 58 58 58 65 65 65 65 73 73 73 73 80 80 80 80 87 87 87 87 94 94 94 94 102 102 102 102 109 109 109 109 116 116 116 116 124 124 124 124
21 21 21 21 29 29 29 29 36 36 36 36 43 43 43 43 51 51 51 51 58 58 58 58 65 65 65 65 73 73 73 73 80 80 80 80 87 87 87 87 94 94 94 94 102 102 102 102 109 109 109 109 116 116 116 116 124 124 124 124 131 131 131 131
21 21 21 21 29 29 29 29 36 36 36 36 43 43 43 43 51 51 51 51 58 58 58 58 65 65 65 65 73 73 73 73 80 80 80 80 87 87 87 87 94 94 94 94 102 102 102 102 109 109 109 109 116 116 116 116 124 124 124 124 131 131 131 131
21 21 21 21 29 29 29 29 36 36 36 36 43 43 43 43 51 51 51 51 58 58 58 58 65 65 65 65 73 73 73 73 80 80 80 80 87 87 87 87 94 94 94 94 102 102 102 102 109 109 109 109 116 116 116 116 124 124 124 124 131 131 131 131
21 21 21 21 29 29 29 29 36 36 36 36 43 43 43 43 51 51 51 51 58 58 58 58 65 65 65 65 73 73 73 73 80 80 80 80 87 87 87 87 94 94 94 94 102 102 102 102 109 109 109 109 116 116 116 116 124 124 124 124 131 131 131 131
29 29 29 29 36 36 36 36 43 43 43 43 51 51 51 51 58 58 58 58 65 65 65 65 73 73 73 73 80 80 80 80 87 87 87 87 94 94 94 94 102 102 102 102 109 109 109 109 116 116 116 116 124 124 124 124 131 131 131 131 138 138 138 138
29 29 29 29 36 36 36 36 43 43 43 43 51 51 51 51 58 58 58 58 65 65 65 65 73 73 73 73 80 80 80 80 87 87 87 87 94 94 94 94 102 102 102 102 109 109 109 109 116 116 116 116 124 124 124 124 131 131 131 131 138 138 138 138
29 29 29 29 36 36 36 36 43 43 43 43 51 51 51 51 58 58 58 58 65 65 65 65 73 73 73 73 80 80 80 80 87 87 87 87 94 94 94 94 102 102 102 102 109 109 109 109 116 116 116 116 124 124 124 124 131 131 131 131 138 138 138 138
29 29 29 29 36 36 36 36 43 43 43 43 51 51 51 51 58 58 58 58 65 65 65 65 73 73 73 73 80 80 80 80 87 87 87 87 94 94 94 94 102 102 102 102 109 109 109 109 116 116 116 116 124 124 124 124 131 131 131 131 138 138 138 138
36 36 36 36 43 43 43 43 51 51 51 51 58 58 58 58 65 65 65 65 73 73 73 73 80 80 80 80 87 87 87 87 94 94 94 94 102 102 102 102 109 109 109 109 116 116 116 116 124 124 124 124 131 131 131 131 138 138 138 138 146 146 146 146
36 36 36 36 43 43 43 43 51 51 51 51 58 58 58 58 65 65 65 65 73 73 73 73 80 80 80 80 87 87 87 87 94 94 94 94 102 102 102 102 109 109 109 109 116 116 116 116 124 124 124 124 131 131 131 131 138 138 138 138 146 146 146 146
36 36 36 36 43 43 43 43 51 51 51 51 58 58 58 58 65 65 65 65 73 73 73 73 80 80 80 80 87 87 87 87 94 94 94 94 102 102 102 102 109 109 109 109 116 116 116 116 124 124 124 124 131 131 131 131 138 138 138 138 146 146 146 146
36 36 36 36 43 43 43 43 51 51 51 51 58 58 58 58 65 65 65 65 73 73 73 73 80 80 80 80 87 87 87 87 94 94 94 94 102 102 102 102 109 109 109 109 116 116 116 116 124 124 124 124 131 131 131 131 138 138 138 138 146 146 146 146
43 43 43 43 51 51 51 51 58 58 58 58 65 65 65 65 73 73 73 73 80 80 80 80 87 87 87 87 94 94 94 94 102 102 102 102 109 109 109 109 116 116 116 116 124 124 124 124 131 131 131 131 138 138 138 138 146 146 146 146 153 153 153 153
43 43 43 43 51 51 51 51 58 58 58 58 65 65 65 65 73 73 73 73 80 80 80 80 87 87 87 87 94 94 94 94 102 102 102 102 109 109 109 109 116 116 116 116 124 124 124 124 131 131 131 131 138 138 138 138 146 146 146 146 153 153 153 153
43 43 43 43 51 51 51 51 58 58 58 58 65 65 65 65 73 73 73 73 80 80 80 80 87 87 87 87 94 94 94 94 102 102 102 102 109 109 109 109 116 116 116 116 124 124 124 124 131 131 131 131 138 138 138 138 146 146 146 146 153 153 153 153
43 43 43 43 51 51 51 51 58 58 58 58 65 65 65 65 73 73 73 73 80 80 80 80 87 87 87 87 94 94 94 94 102 102 102 102 109 109 109 109 116 116 116 116 124 124 124 124 131 131 131 131 138 138 138 138 146 146 146 146 153 153 153 153
51 51 51 51 58 58 58 58 65 65 65 65 73 73 73 73 80 80 80 80 87 87 87 87 94 94 94 94 102 102 102 102 109 109 109 109 116 116 116 116 124 124 124 124 131 131 131 131 138 138 138 138 146 146 146 146 153 153 153 153 160 160 160 160
51 51 51 51 58 58 58 58 65 65 65 65 73 73 73 73 80 80 80 80 87 87 87 87 94 94 94 94 102 102 102 102 109 109 109 109 116 116 116 116 124 124 124 124 131 131 131 131 138 138 138 138 146 146 146 146 153 153 153 153 160 160 160 160
51 51 51 51 58 58 58 58 65 65 65 65 73 73 73 73 80 80 80 80 87 87 87 87 94 94 94 94 102 102 102 102 109 109 109 109 116 116 116 116 124 124 124 124 131 131 131 131 138 138 138 138 146 146 146 146 153 153 153 153 160 160 160 160
51 51 51 51 58 58 58 58 65 65 65 65 73 73 73 73 80 80 80 80 87 87 87 87 94 94 94 94 102 102 102 102 109 109 109 109 116 116 116 116 124 124 124 124 131 131 131 131 138 138 138 138 146 146 146 146 153 153 153 153 160 160 160 160
58 58 58 58 65 65 65 65 73 73 73 73 80 80 80 80 87 87 87 87 94 94 94 94 102 102 102 102 109 109 109 109 116 116 116 116 124 124 124 124 131 131 131 131 138 138 138 138 146 146 146 146 153 153 153 153 160 160 160 160 167 167 167 167
58 58 58 58 65 65 65 65 73 73 73 73 80 80 80 80 87 87 87 87 94 94 94 94 102 102 102 102 109 109 109 109 116 116 116 116 124 124 124 124 131 131 131 131 138 138 138 138 146 146 146 146 153 153 153 153 160 160 160 160 167 167 167 167
58 58 58 58 65 65 65 65 73 73 73 73 80 80 80 80 87 87 87 87 94 94 94 94 102 102 102 102 109 109 109 109 116 116 116 116 124 124 124 124 131 131 131 131 138 138 138 138 146 146 146 146 153 153 153 153 160 160 160 160 167 167 167 167
58 58 58 58 65 65 65 65 73 73 73 73 80 80 80 80 87 87 87 87 94 94 94 94 102 102 102 102 109 109 109 109 116 116 116 116 124 124 124 124 131 131 131 131 138 138 138 138 146 146 146 146 153 153 153 153 160 160 160 160 167 167 167 167
65 65 65 65 73 73 73 73 80 80 80 80 87 87 87 87 94 94 94 94 102 102 102 102 109 109 109 109 116 116 116 116 124 124 124 124 131 131 131 131 138 138 138 138 146 146 146 146 153 153 153 153 160 160 160 160 167 167 167 167 175 175 175 175
65 65 65 65 73 73 73 73 80 80 80 80 87 87 87 87 94 94 94 94 102 102 102 102 109 109 109 109 116 116 116 116 124 124 124 124 131 131 131 131 138 138 138 138 146 146 146 146 153 153 153 153 160 160 160 160 167 167 167 167 175 175 175 175
65 65 65 65 73 73 73 73 80 80 80 80 87 87 87 87 94 94 94 94 102 102 102 102 109 109 109 109 116 116 116 116 124 124 124 124 131 131 131 131 138 138 138 138 146 146 146 146 153 153 153 153 160 160 160 160 167 167 167 167 175 175 175 175
65 65 65 65 73 73 73 73 80 80 80 80 87 87 87 87 94 94 94 94 102 102 102 102 109 109 109 109 116 116 116 116 124 124 124 124 131 131 131 131 138 138 138 138 146 146 146 146 153 153 153 153 160 160 160 160 167 167 167 167 175 175 175 175
73 73 73 73 80 80 80 80 87 87 87 87 94 94 94 94 102 102 102 102 109 109 109 109 116 116 116 116 124 124 124 124 131 131 131 131 138 138 138 138 146 146 146 146 153 153 153 153 160 160 160 160 167 167 167 167 175 175 175 175 182 182 182 182
73 73 73 73 80 80 80 80 87 87 87 87 94 94 94 94 102 102 102 102 109 109 109 109 116 116 116 116 124 124 124 124 131 131 131 131 138 138 138 138 146 146 146 146 153 153 153 153 160 160 160 160 167 167 167 167 175 175 175 175 182 182 182 182
73 73 73 73 80 80 80 80 87 87 87 87 94 94 94 94 102 102 102 102 109 109 109 109 116 116 116 116 124 124 124 124 131 131 131 131 138 138 138 138 146 146 146 146 153 153 153 153 160 160 160 160 167 167 167 167 175 175 175 175 182 182 182 182
73 73 73 73 80 80 80 80 87 87 87 87 94 94 94 94 102 102 102 102 109 109 109 109 116 116 116 116 124 124 124 124 131 131 131 131 138 138 138 138 146 146 146 146 153 153 153 153 160 160 160 160 167 167 167 167 175 175 175 175 182 182 182 182
80 80 80 80 87 87 87 87 94 94 94 94 102 102 102 102 109 109 109 109 116 116 116 116 124 124 124 124 131 131 131 131 138 138 138 138 146 146 146 146 153 153 153 153 160 160 160 160 167 167 167 167 175 175 175 175 182 182 182 182 189 189 189 189
80 80 80 80 87 87 87 87 94 94 94 94 102 102 102 102 109 109 109 109 116 116 116 116 124 124 124 124 131 131 131 131 138 138 138 138 146 146 146 146 153 153 153 153 160 160 160 160 167 167 167 167 175 175 175 175 182 182 182 182 189 189 189 189
80 80 80 80 87 87 87 87 94 94 94 94 102 102 102 102 109 109 109 109 116 116 116 116 124 124 124 124 131 131 131 131 138 138 138 138 146 146 146 146 153 153 153 153 160 160 160 160 167 167 167 167 175 175 175 175 182 182 182 182 189 189 189 189
80 80 80 80 87 87 87 87 94 94 94 94 102 102 102 102 109 109 109 109 116 116 116 116 124 124 124 124 131 131 131 131 138 138 138 138 146 146 146 146 153 153 153 153 160 160 160 160 167 167 167 167 175 175 175 175 182 182 182 182 189 189 189 189
87 87 87 87 94 94 94 94 102 102 102 102 109 109 109 109 116 116 116 116 124 124 124 124 131 131 131 131 138 138 138 138 146 146 146 146 153 153 153 153 160 160 160 160 167 167 167 167 175 175 175 175 182 182 182 182 189 189 189 189 197 197 197 197
87 87 87 87 94 94 94 94 102 102 102 102 109 109 109 109 116 116 116 116 124 124 124 124 131 131 131 131 138 138 138 138 146 146 146 146 153 153 153 153 160 160 160 160 167 167 167 167 175 175 175 175 182 182 182 182 189 189 189 189 197 197 197 197
87 87 87 87 94 94 94 94 102 102 102 102 109 109 109 109 116 116 116 116 124 124 124 124 131 131 131 131 138 138 138 138 146 146 146 146 153 153 153 153 160 160 160 160 167 167 167 167 175 175 175 175 182 182 182 182 189 189 189 189 197 197 197 197
87 87 87 87 94 94 94 94 102 102 102 102 109 109 109 109 116 116 116 116 124 124 124 124 131 131 131 131 138 138 138 138 146 146 146 146 153 153 153 153 160 160 160 160 167 167 167 167 175 175 175 175 182 182 182 182 189 189 189 189 197 197 197 197
94 94 94 94 102 102 102 102 109 109 109 109 116 116 116 116 124 124 124 124 131 131 131 131 138 138 138 138 146 146 146 146 153 153 153 153 160 160 160 160 167 167 167 167 175 175 175 175 182 182 182 182 189 189 189 189 197 197 197 197 204 204 204 204
94 94 94 94 102 102 102 102 109 109 109 109 116 116 116 116 124 124 124 124 131 131 131 131 138 138 138 138 146 146 146 146 153 153 153 153 160 160 160 160 167 167 167 167 175 175 175 175 182 182 182 182 189 189 189 189 197 197 197 197 204 204 204 204
94 94 94 94 102 102 102 102 109 109 109 109 116 116 116 116 124 124 124 124 131 131 131 131 138 138 138 138 146 146 146 146 153 153 153 153 160 160 160 160 167 167 167 167 175 175 175 175 182 182 182 182 189 189 189 189 197 197 197 197 204 204 204 204
94 94 94 94 102 102 102 102 109 109 109 109 116 116 116 116 124 124 124 124 131 131 131 131 138 138 138 138 146 146 146 146 153 153 153 153 160 160 160 160 167 167 167 167 175 175 175 175 182 182 182 182 189 189 189 189 197 197 197 197 204 204 204 204
102 102 102 102 109 109 109 109 116 116 116 116 124 124 124 124 131 131 131 131 138 138 138 138 146 146 146 146 153 153 153 153 160 160 160 160 167 167 167 167 175 175 175 175 182 182 182 182 189 189 189 189 197 197 197 197 204 204 204 204 211 211 211 211
102 102 102 102 109 109 109 109 116 116 116 116 124 124 124 124 131 131 131 131 138 138 138 138 146 146 146 146 153 153 153 153 160 160 160 160 167 167 167 167 175 175 175 175 182 182 182 182 189 189 189 189 197 197 197 197 204 204 204 204 211 211 211 211
102 102 102 102 109 109 109 109 116 116 116 116 124 124 124 124 131 131 131 131 138 138 138 138 146 146 146 146 153 153 153 153 160 160 160 160 167 167 167 167 175 175 175 175 182 182 182 182 189 189 189 189 197 197 197 197 204 204 204 204 211 211 211 211
102 102 102 102 109 109 109 109 116 116 116 116 124 124 124 124 131 131 131 131 138 138 138 138 146 146 146 146 153 153 153 153 160 160 160 160 167 167 167 167 175 175 175 175 182 182 182 182 189 189 189 189 197 197 197 197 204 204 204 204 211 211 211 211
109 109 109 109 116 116 116 116 124 124 124 124 131 131 131 131 138 138 138 138 146 146 146 146 153 153 153 153 160 160 160 160 167 167 167 167 175 175 175 175 182 182 182 182 189 189 189 189 197 197 197 197 204 204 204 204 211 211 211 211 219 219 219 219
109 109 109 109 116 116 116 116 124 124 124 124 131 131 131 131 138 138 138 138 146 146 146 146 153 153 153 153 160 160 160 160 167 167 167 167 175 175 175 175 182 182 182 182 189 189 189 189 197 197 197 197 204 204 204 204 211 211 211 211 219 219 219 219
109 109 109 109 116 116 116 116 124 124 124 124 131 131 131 131 138 138 138 138 146 146 146 146 153 153 153 153 160 160 160 160 167 167 167 167 175 175 175 175 182 182 182 182 189 189 189 189 197 197 197 197 204 204 204 204 211 211 211 211 219 219 219 219
109 109 109 109 116 116 116 116 124 124 124 124 131 131 131 131 138 138 138 138 146 146 146 146 153 153 153 153 160 160 160 160 167 167 167 167 175 175 175 175 182 182 182 182 189 189 189 189 197 197 197 197 204 204 204 204 211 211 211 211 219 219 219 219