107 459 494 492 111 352 206 82 6 16 74 137 37 125 77 63 32 274 512 773 242 1093 1118 1062 248 890 803 665 116 256 29 -72 2 219 524 791 228 861 643 332 18 -103 -139 -32 26 282 447 590 182 812 857 816 174 537 367 259 59 304 453 628 191 842 851 804
396 387 373 350 325 296 252 228 228 235 262 262 219 154 82 67 136 283 515 745 898 969 937 845 773 705 678 627 508 361 173 55 76 200 407 610 717 709 586 391 223 105 78 146 235 358 484 604 723 806 861 849 773 660 529 430 387 406 482 583 664 713 718 688
359 295 213 161 168 227 325 437 517 544 527 438 322 203 101 90 162 309 525 709 802 801 696 562 487 466 519 580 570 507 373 235 177 181 254 367 450 498 499 461 422 384 376 400 428 480 551 635 722 799 862 884 869 819 745 663 599 555 534 535 543 551 551 544
319 217 89 19 47 167 366 579 723 776 745 610 452 300 174 155 219 354 547 684 721 656 488 319 249 272 398 560 646 654 565 410 282 184 143 176 234 323 423 514 587 627 646 638 615 597 603 638 687 754 827 886 923 927 894 821 738 647 556 485 441 420 416 425
71 178 48 -22 2 136 350 586 189 838 836 724 145 431 295 257 75 410 578 685 172 590 392 210 37 200 368 582 179 758 688 521 90 213 119 113 38 250 383 527 164 743 793 783 184 673 622 606 155 675 758 843 227 933 909 831 185 636 531 450 99 370 365 377
269 189 95 41 56 144 298 485 641 746 804 771 687 577 450 389 403 478 616 706 698 600 412 244 197 259 431 641 770 807 732 565 409 268 184 176 200 273 372 492 620 725 810 830 792 715 623 558 540 577 662 757 821 838 796 707 624 544 481 446 423 414 411 413
297 274 252 228 206 201 214 275 373 494 641 741 767 731 633 546 522 551 653 735 735 670 529 402 376 433 576 732 811 809 709 557 444 363 346 372 384 400 401 423 493 582 698 774 775 716 601 496 454 471 552 638 669 645 556 446 385 367 403 472 522 553 555 535
367 401 450 455 399 302 171 95 118 231 437 647 772 813 761 670 622 616 684 767 795 787 726 662 659 689 766 822 811 746 613 489 443 454 536 611 614 558 433 323 304 359 502 651 716 708 604 479 422 410 467 521 502 431 302 190 168 227 372 551 677 750 757 714
115 522 605 624 138 410 206 53 5 103 307 549 179 803 799 731 171 664 706 785 210 888 907 907 230 919 922 875 195 660 504 413 107 515 671 779 193 658 437 228 35 170 334 546 169 726 656 533 116 419 434 445 96 286 151 65 22 207 423 663 208 926 937 883
585 647 726 741 669 523 312 136 65 101 246 447 604 706 748 725 700 683 706 774 849 941 1029 1087 1111 1081 1017 884 726 570 410 355 417 554 750 868 850 698 424 160 29 41 212 465 649 757 739 640 568 493 458 419 325 219 106 65 130 289 533 787 966 1063 1075 1021
716 747 779 774 724 627 490 361 282 255 282 361 444 522 597 640 658 668 685 738 824 941 1076 1175 1204 1152 1039 852 662 497 352 327 409 558 746 848 820 662 393 137 5 16 182 445 659 808 846 784 714 613 528 448 346 266 212 234 334 496 707 908 1048 1121 1132 1093
863 852 823 788 756 716 666 600 524 441 350 297 294 332 423 520 580 618 632 663 740 849 992 1103 1133 1081 962 780 611 475 370 368 443 563 700 762 728 593 381 183 80 93 228 456 662 826 913 902 851 749 636 529 430 376 371 436 545 684 837 965 1056 1100 1107 1086
252 973 910 850 204 788 764 714 157 510 357 238 48 210 303 421 125 549 560 573 157 713 836 941 243 937 846 708 147 498 438 451 128 596 681 708 168 567 416 274 48 192 278 446 155 781 902 943 232 850 740 622 130 464 463 529 156 739 858 952 255 1052 1058 1043
1115 1075 1003 929 878 831 784 713 611 481 320 194 141 151 227 334 413 462 477 480 507 552 629 705 736 733 702 645 598 565 548 562 596 636 667 667 638 573 490 406 346 326 351 438 553 683 810 892 921 890 817 714 616 546 517 546 603 686 780 861 923 953 958 943
1185 1171 1131 1062 980 871 733 585 450 329 221 163 153 180 230 293 347 380 397 400 398 399 418 454 484 518 559 596 627 650 667 676 682 682 673 659 642 616 589 549 500 453 416 416 458 538 643 749 827 860 854 789 696 591 494 447 448 501 599 706 789 835 841 814
1142 1162 1170 1122 1017 853 628 408 252 157 125 151 188 224 234 241 269 297 342 373 363 332 293 278 301 365 473 591 678 731 751 731 705 678 656 655 665 680 695 680 640 571 487 415 382 395 448 547 655 750 823 822 759 642 491 369 309 320 404 522 615 671 676 641
249 1033 1067 1040 236 780 544 320 44 105 114 168 51 218 180 149 43 222 321 401 101 357 267 201 52 286 441 616 183 788 783 716 163 600 575 599 161 705 763 782 191 695 593 472 93 314 300 365 119 611 752 828 207 747 598 439 82 278 300 370 107 467 469 442
773 816 866 867 806 686 497 316 206 153 170 207 208 180 99 50 85 175 340 482 520 480 363 257 242 311 475 660 765 792 738 618 522 457 446 505 587 687 775 821 832 783 695 561 417 295 210 219 305 455 643 797 879 867 765 605 461 345 278 263 258 264 261 252
501 531 571 595 595 566 492 414 362 318 301 263 186 92 -27 -71 -4 146 389 600 690 676 552 419 378 421 563 719 780 751 628 450 325 258 274 376 496 629 737 807 853 842 796 681 519 349 199 137 173 306 510 731 906 999 996 881 725 539 351 206 103 55 45 67
278 296 329 381 447 516 564 589 586 539 468 344 192 46 -84 -102 -4 190 476 727 865 890 793 662 598 594 670 749 737 647 471 264 132 73 109 231 364 505 616 702 784 824 842 779 635 449 260 137 118 215 407 661 899 1075 1161 1100 955 730 458 214 38 -54 -68 -21
41 194 247 334 111 562 665 728 185 686 590 436 66 112 -2 -1 26 301 577 827 247 1049 998 892 204 764 755 738 164 521 325 128 3 -32 11 123 60 361 452 542 162 734 819 821 179 542 338 176 29 179 349 603 213 1050 1164 1127 250 782 506 251 16 -34 -49 3
174 226 310 425 552 675 775 825 824 763 666 527 380 258 181 195 287 450 669 878 1035 1121 1123 1058 983 891 799 690 553 397 215 59 -26 -53 -18 59 137 216 274 357 474 596 739 807 757 622 433 260 177 206 341 557 765 930 1019 983 882 710 496 300 156 80 68 108
305 394 526 667 783 860 889 867 822 754 685 613 539 483 457 474 532 629 754 889 1013 1106 1158 1141 1074 955 791 608 442 295 163 75 32 14 20 36 54 77 98 170 286 429 607 727 736 658 509 360 285 295 395 544 660 729 727 652 573 481 395 335 289 268 263 272
511 618 768 900 971 976 912 811 728 668 649 664 676 691 709 716 730 751 779 832 904 982 1058 1078 1034 923 744 547 393 281 205 178 167 157 138 102 68 39 21 66 159 295 478 625 686 671 581 475 419 409 461 521 528 487 390 280 227 220 267 346 403 438 440 418
175 787 905 990 252 959 847 717 157 587 604 669 183 786 825 824 202 780 746 741 192 821 895 936 230 844 703 542 106 345 300 299 76 300 279 228 42 105 53 59 29 227 392 551 163 694 665 600 138 512 499 470 98 285 147 43 6 77 199 347 114 518 524 488
850 888 936 948 911 830 709 595 528 512 551 630 707 768 804 796 768 722 670 639 632 652 696 734 745 725 667 589 529 482 445 436 436 433 424 388 330 257 184 148 161 229 352 497 616 699 725 701 661 592 516 412 279 143 7 -66 -56 25 166 320 436 499 506 471
932 889 821 735 654 579 516 483 474 488 517 555 597 628 644 642 626 597 569 542 515 500 497 518 557 606 664 698 703 680 624 572 549 547 567 577 549 489 406 327 290 302 365 476 592 698 769 777 737 638 499 339 192 77 1 -9 30 103 195 279 346 380 385 368
950 835 668 509 407 364 376 430 475 502 497 465 444 425 412 424 440 460 493 502 481 443 392 382 430 529 680 812 871 862 782 681 627 615 653 704 713 682 612 513 442 402 398 456 547 653 755 796 770 670 505 327 194 114 97 134 177 218 237 235 241 239 240 245
240 818 614 429 82 305 354 442 125 514 472 386 79 261 229 257 77 378 471 522 129 467 383 342 95 493 688 873 242 977 895 770 173 659 682 739 192 766 728 641 139 476 409 404 114 551 674 760 194 714 574 407 71 207 189 216 59 246 228 192 44 164 163 173
952 818 625 459 382 382 449 536 576 554 463 327 218 143 111 165 254 369 508 593 610 567 478 420 435 527 704 886 988 1011 949 830 741 683 664 692 722 743 748 699 621 517 400 332 339 414 548 682 757 761 684 552 439 342 281 257 235 219 195 170 164 161 160 163
964 876 744 636 596 606 653 693 681 605 467 303 179 105 90 169 286 428 586 693 736 719 659 604 587 624 723 843 926 966 956 882 802 716 626 581 580 605 654 660 608 502 354 236 204 261 401 586 733 822 833 748 631 483 331 215 140 116 134 179 226 256 257 239
960 920 853 809 812 838 876 875 813 684 497 310 185 133 163 279 413 555 684 772 828 842 841 821 786 763 755 777 820 868 918 912 858 757 600 476 436 454 535 596 574 478 319 167 107 145 282 502 704 864 956 920 801 608 373 178 62 41 113 235 339 406 410 368
228 884 835 822 216 930 1011 1029 239 795 555 327 48 158 239 401 137 676 756 800 213 893 954 986 239 898 808 745 186 786 873 920 223 794 606 438 94 390 488 581 145 495 334 165 21 102 222 444 166 856 994 997 225 710 460 242 28 88 171 314 108 507 512 464
854 806 731 713 777 888 1040 1118 1070 905 627 360 216 196 324 524 669 764 774 754 790 852 975 1074 1071 1006 866 739 700 730 837 926 926 845 658 475 401 404 496 594 602 531 384 221 136 139 236 431 629 809 948 973 908 760 555 370 256 230 295 412 509 570 574 534
764 663 519 458 526 687 936 1118 1135 999 703 402 248 235 397 623 750 798 729 636 644 719 896 1067 1116 1078 936 780 715 722 822 925 947 898 751 594 529 524 592 667 669 608 481 341 266 258 328 471 612 741 841 870 850 780 680 581 511 480 493 536 574 599 600 582
711 551 330 207 250 427 738 1007 1099 1022 758 464 312 290 442 646 732 731 608 475 467 551 756 971 1067 1069 961 819 752 748 833 935 970 950 851 729 670 648 674 711 706 665 577 485 438 430 473 549 607 654 680 694 716 738 769 785 772 739 685 629 590 569 566 578
181 538 283 118 30 268 562 848 246 972 784 547 105 385 489 625 163 608 466 337 84 433 649 876 248 1016 935 815 190 762 845 950 249 990 915 801 181 670 650 657 164 650 622 595 148 596 619 631 153 580 536 526 142 651 773 874 228 886 795 676 147 535 530 562
763 586 346 165 118 198 404 640 790 844 771 638 556 504 525 554 511 435 314 235 264 375 580 782 893 923 867 782 751 769 854 956 1003 996 925 803 698 610 551 539 552 590 628 671 716 739 749 712 633 539 441 405 447 556 723 871 942 930 829 686 579 512 506 548
828 698 523 360 260 235 286 407 537 656 732 748 729 661 570 461 344 252 191 207 286 411 580 715 784 792 744 695 696 746 849 952 992 963 863 703 557 435 356 354 398 488 594 701 793 839 848 785 673 541 410 350 371 469 629 779 862 864 780 650 552 490 485 525
825 776 714 609 480 354 231 204 285 443 657 824 878 809 627 397 224 129 137 249 375 507 630 689 709 688 639 616 638 704 808 894 916 861 732 549 385 257 187 208 282 408 555 698 814 875 890 831 727 604 484 416 404 450 542 640 706 728 695 630 582 549 547 569
182 754 796 757 156 436 192 53 22 265 571 849 241 910 682 385 46 91 145 314 115 586 667 671 166 635 600 599 156 678 748 793 197 719 593 431 73 191 147 187 68 401 552 696 203 879 902 866 199 708 622 556 128 498 508 539 145 618 645 658 167 670 671 672
553 642 771 800 688 479 173 -34 -36 140 491 835 998 975 752 445 246 160 235 418 556 660 700 667 646 619 598 607 621 645 665 658 623 547 441 329 246 202 208 272 357 462 580 688 778 840 878 885 872 840 804 748 676 602 528 488 496 544 625 713 780 817 821 801
315 450 644 736 667 476 170 -61 -91 62 404 768 967 998 839 584 417 337 392 533 625 688 691 646 634 625 626 637 629 605 562 499 433 366 303 274 280 320 394 480 548 598 641 676 715 763 821 887 942 975 990 945 856 736 598 505 487 542 665 811 922 986 992 955
127 262 458 570 540 397 157 -30 -56 76 377 713 920 999 925 756 641 573 597 671 700 709 670 613 601 603 616 626 608 558 481 386 301 238 201 234 316 436 586 705 760 755 709 656 638 670 755 880 991 1070 1109 1062 968 835 682 578 545 590 707 852 964 1029 1036 997
18 177 330 423 102 310 145 24 6 148 409 703 225 1002 989 896 208 789 801 828 202 763 675 581 135 526 528 540 134 502 446 359 67 192 135 169 70 449 670 839 225 861 742 611 137 571 690 870 254 1115 1147 1082 247 863 732 644 151 624 696 790 217 914 918 890
152 202 278 316 293 226 134 87 123 246 469 714 888 997 1025 995 976 961 971 964 903 806 665 520 431 385 363 384 419 441 455 415 333 233 120 106 202 389 667 892 971 916 737 540 447 468 625 847 1002 1088 1076 975 887 797 734 703 674 662 654 650 660 666 665 662
355 335 313 269 210 152 112 133 213 353 562 768 913 1005 1035 1030 1040 1054 1081 1069 988 847 651 436 279 181 124 164 264 382 514 556 496 360 156 40 75 245 561 848 960 914 700 457 349 371 560 805 941 986 904 756 679 644 676 727 723 675 566 438 357 311 305 333
630 561 466 355 256 184 153 191 277 406 586 754 875 955 987 1002 1033 1066 1099 1080 984 814 586 329 123 -13 -96 -36 127 341 592 723 695 534 247 30 -7 125 451 773 905 868 629 354 241 266 478 728 833 825 668 475 411 436 572 718 753 687 498 262 103 8 -2 56
213 770 649 512 99 308 263 275 80 399 516 637 186 837 906 963 254 1049 1054 995 218 685 462 218 3 -125 -214 -144 14 325 652 848 213 691 373 106 7 130 444 762 221 833 562 258 34 158 379 626 176 657 448 229 45 257 480 711 198 733 509 213 2 -115 -127 -51
991 933 836 717 605 499 415 361 331 334 374 453 558 679 799 900 968 983 937 824 674 489 306 123 -42 -150 -225 -154 53 337 692 924 956 818 515 247 158 239 521 802 891 812 511 185 49 58 265 494 554 489 265 47 15 125 399 685 809 780 574 282 76 -50 -61 17
1028 1026 1000 942 862 747 615 467 331 229 168 198 307 474 671 831 916 902 780 593 411 243 133 57 -23 -72 -117 -59 122 372 702 934 987 894 656 443 382 458 696 910 945 820 489 142 -17 -33 138 340 395 338 139 -48 -61 64 348 656 813 834 697 471 307 203 196 261
931 987 1036 1050 1013 907 750 540 334 162 33 30 139 328 565 748 825 775 593 360 177 54 36 77 90 102 86 120 249 434 700 905 966 923 769 631 611 687 872 1015 1004 852 525 184 3 -53 49 198 249 224 96 -22 -11 104 346 617 780 848 811 699 612 552 550 589
196 867 959 1014 251 913 757 542 84 168 43 42 35 306 509 648 171 602 403 186 11 -14 47 167 60 286 281 289 93 503 714 892 239 942 843 749 186 806 940 1035 253 875 600 300 28 14 27 101 34 140 94 58 24 193 367 569 178 808 857 856 211 828 831 842
602 678 770 833 837 776 659 502 362 258 187 202 275 379 494 546 523 421 246 93 23 41 165 325 424 474 460 440 480 567 733 884 943 938 865 785 774 815 905 979 977 893 709 476 295 154 69 54 62 91 131 183 250 326 418 527 627 726 837 928 979 1002 1008 994
430 457 496 523 525 507 471 438 429 442 466 502 529 531 509 440 346 240 129 85 117 216 385 543 629 650 603 553 561 623 764 898 947 930 845 738 692 697 751 833 888 896 840 703 544 363 175 58 22 64 180 319 419 478 491 497 537 613 748 893 983 1031 1039 1009
335 293 250 217 207 234 294 400 527 652 757 796 769 671 527 363 223 135 102 168 292 451 636 761 808 783 691 612 598 648 775 896 930 888 770 618 526 497 529 639 763 871 945 908 786 588 329 130 46 80 235 428 553 606 571 503 488 522 633 777 866 917 923 890
77 217 113 38 6 87 219 417 155 796 923 941 218 720 525 335 48 133 157 284 114 642 824 920 234 876 752 649 153 643 746 843 215 798 662 489 94 333 359 492 166 840 1001 1037 238 758 474 234 30 139 299 509 161 698 645 541 123 489 561 675 186 786 790 762
369 248 101 -1 -12 76 255 495 712 874 960 928 826 664 489 342 240 220 274 414 592 771 939 1014 1008 927 782 658 601 610 683 753 753 679 537 363 247 204 234 383 580 793 1001 1085 1038 869 602 358 225 218 347 538 670 736 702 607 549 515 531 585 613 631 632 618
505 381 221 117 118 221 417 640 801 877 854 740 617 491 409 375 354 379 432 532 673 821 971 1048 1042 961 810 666 583 558 587 622 606 533 409 262 168 138 175 323 518 733 950 1062 1051 925 709 490 349 309 380 523 643 728 744 697 655 602 560 537 512 500 498 503
665 558 412 325 345 450 635 800 863 820 662 465 334 272 317 422 494 556 584 615 695 798 934 1028 1036 971 828 669 564 503 488 488 460 398 306 203 144 135 181 315 487 678 872 987 1004 925 775 599 462 391 397 481 583 688 765 784 772 715 625 533 460 418 413 437
198 699 561 485 129 620 793 913 226 773 518 262 32 115 255 463 151 693 700 676 177 773 893 996 253 958 821 655 135 461 421 403 92 313 239 164 32 135 191 318 118 641 809 918 238 907 810 672 135 446 400 436 131 645 772 846 215 800 672 524 103 347 340 378
866 783 654 587 625 726 888 977 922 737 425 136 2 21 218 486 666 769 760 701 703 745 857 968 991 945 814 645 525 437 384 357 320 270 208 150 129 146 207 328 469 621 769 871 912 886 820 705 577 471 395 404 483 614 771 878 909 850 703 526 393 315 307 353
873 791 661 594 632 734 897 985 926 737 418 125 -9 11 214 488 673 778 769 707 707 747 858 969 992 947 815 645 524 434 379 350 312 263 201 145 125 142 204 325 466 618 766 869 912 888 825 712 584 476 397 403 482 613 773 883 915 855 705 523 388 308 300 347
829 739 602 528 562 666 837 945 917 761 478 205 70 70 237 475 637 735 737 698 717 770 885 988 1005 953 817 649 531 447 400 376 338 284 215 147 118 130 189 315 465 629 790 899 938 904 824 697 566 465 403 424 507 633 775 865 886 824 683 517 392 320 312 355