131 389 218 87 12 112 270 499 177 870 975 970 225 780 648 562 134 587 721 866 241 1010 968 901 221 881 917 893 191 564 282 67 3 87 292 504 150 580 422 231 34 127 239 397 119 499 451 374 88 375 454 560 158 667 654 583 125 402 300 219 41 137 132 145
565 461 328 223 185 222 326 485 634 748 820 803 731 616 488 405 382 432 558 699 798 849 823 768 747 736 763 752 662 526 333 197 187 273 450 612 669 618 447 245 121 76 135 254 332 379 374 342 343 362 412 471 500 507 489 451 418 389 370 361 357 356 355 354
625 563 482 410 373 374 403 466 531 578 602 569 495 391 272 195 176 222 331 461 559 616 615 578 549 523 530 531 496 455 396 380 435 533 662 747 745 652 473 267 116 29 22 87 159 232 277 299 327 338 351 348 320 286 259 262 296 363 459 555 623 659 664 644
621 601 572 538 512 491 465 447 434 414 386 335 268 191 109 63 62 104 182 278 354 399 410 387 351 312 301 311 326 368 427 513 620 723 806 824 778 664 498 310 152 40 -22 -12 42 121 195 255 303 312 301 256 185 119 77 103 183 318 502 680 805 870 880 843
134 544 549 549 136 526 489 435 94 308 236 171 30 86 66 75 26 145 186 228 65 273 276 257 54 172 148 159 50 284 403 539 166 760 813 800 186 642 513 368 58 122 38 11 9 95 159 223 69 291 283 232 38 72 14 31 28 260 468 672 204 892 903 860
396 415 434 456 477 482 474 429 357 267 165 92 63 80 137 215 278 316 313 286 261 230 210 188 144 98 61 62 108 198 330 472 586 663 696 677 636 574 506 431 352 278 210 164 152 163 176 206 245 270 289 269 212 137 61 39 82 192 367 550 680 750 759 719
217 227 236 267 315 365 424 435 389 302 187 111 110 182 324 476 573 602 547 437 341 256 203 172 129 89 45 30 61 126 226 329 402 446 465 463 461 464 478 498 506 500 484 439 382 317 243 202 209 247 315 362 360 312 220 138 108 133 220 335 416 463 468 438
100 87 66 84 145 233 361 445 450 397 297 230 250 354 545 734 840 854 757 589 450 332 259 222 178 137 76 33 40 71 132 193 221 228 227 235 264 328 422 543 652 733 791 763 668 527 352 225 188 232 349 470 532 518 417 272 168 101 91 128 154 174 175 159
26 64 10 3 14 156 319 453 126 493 425 375 101 507 694 871 239 948 828 644 125 386 321 288 60 184 91 18 2 29 88 144 38 129 96 82 28 205 353 555 187 906 1030 1023 227 712 461 264 46 223 368 537 160 651 544 362 54 99 38 35 8 38 36 27
226 159 71 28 53 140 303 461 553 588 566 537 562 631 762 876 910 873 746 584 472 395 365 345 294 217 88 -10 -23 14 110 197 208 162 83 16 15 104 278 536 789 1006 1178 1190 1071 847 551 308 193 216 364 552 674 701 599 412 263 141 76 71 64 69 66 58
452 368 260 181 163 209 326 470 583 663 695 695 701 704 727 726 683 614 503 406 368 361 393 395 335 229 56 -61 -58 32 216 380 422 359 212 54 -13 38 213 502 784 1028 1212 1227 1119 902 611 366 235 233 352 517 625 653 569 419 313 237 218 250 266 281 281 268
709 614 493 383 320 318 374 487 609 721 801 821 801 729 629 503 378 276 184 159 196 261 354 384 331 216 31 -75 -40 110 379 617 694 624 421 180 44 39 183 460 726 959 1122 1129 1042 860 612 399 270 244 321 441 521 548 498 415 378 376 430 514 565 596 599 579
223 787 654 520 107 396 418 516 162 784 894 923 220 751 559 342 39 26 -55 -36 11 150 278 331 75 206 51 -19 12 232 537 800 222 813 587 307 33 85 190 427 164 858 989 987 230 773 572 397 70 241 287 375 110 477 468 449 118 525 624 736 201 841 846 824
976 869 737 598 496 453 459 550 687 834 957 987 926 760 510 237 15 -131 -204 -163 -67 52 188 255 255 204 111 98 195 391 689 935 1012 934 709 429 245 175 241 420 591 738 816 794 741 634 495 377 288 250 271 331 387 440 479 523 592 679 792 901 966 998 1004 985
950 847 720 589 496 464 481 582 726 877 999 1025 958 783 518 232 -1 -159 -236 -206 -131 -31 85 164 210 231 236 296 414 585 816 987 1024 942 750 523 371 307 342 452 554 630 646 599 550 477 400 342 293 272 287 337 401 478 565 658 747 830 914 980 1015 1029 1033 1025
803 723 630 537 476 467 501 605 745 888 1005 1030 965 799 545 277 65 -77 -137 -110 -56 13 88 154 226 300 387 504 629 759 903 983 972 886 734 576 479 443 469 525 558 556 495 410 358 322 322 345 350 355 363 396 463 558 686 811 897 946 963 951 934 919 920 929
158 595 563 528 126 509 533 611 182 854 970 1002 235 781 532 278 24 -7 -18 43 26 161 202 237 75 384 502 645 192 874 970 998 240 873 739 622 141 554 590 614 147 508 359 222 42 180 277 400 117 497 481 470 129 609 764 918 250 1021 978 895 208 791 789 813
453 469 512 543 555 564 559 593 677 784 907 958 904 752 505 262 113 59 113 231 321 382 400 397 430 491 599 735 844 931 1000 1002 953 868 740 647 621 639 701 717 648 502 270 81 24 82 275 499 629 679 634 569 582 657 821 989 1059 1050 951 804 701 638 633 670
298 374 499 600 642 642 587 557 601 689 831 910 864 710 449 204 87 93 235 441 589 674 680 629 605 606 659 760 846 926 1002 1013 975 898 764 672 662 700 793 818 720 523 220 -17 -74 29 313 632 818 884 806 680 647 689 843 1011 1068 1036 897 706 578 501 494 540
229 344 522 662 712 691 583 497 508 585 745 855 825 678 414 164 62 99 290 552 744 858 873 805 748 704 707 762 816 881 957 981 960 900 776 692 697 750 862 895 788 571 244 -10 -65 60 382 740 953 1028 937 777 710 719 841 985 1024 979 828 631 501 425 417 463
56 345 529 668 177 669 538 429 106 497 664 795 198 674 439 205 26 131 303 550 184 857 890 844 201 766 760 788 202 834 872 876 214 817 734 695 183 803 917 947 211 638 335 100 11 155 447 778 246 1067 997 856 197 776 856 953 240 899 751 569 113 385 377 417
285 382 530 633 648 595 466 364 361 436 597 737 763 686 501 295 185 170 273 449 590 698 749 752 766 774 799 821 811 785 758 719 691 679 665 698 775 859 950 958 867 698 465 284 226 294 496 738 905 993 975 898 858 840 872 904 875 802 676 537 449 400 393 421
396 448 529 572 553 489 383 311 320 399 542 679 740 717 603 440 313 228 216 267 321 393 456 535 641 743 849 893 857 762 631 515 463 485 576 716 847 941 981 938 858 740 614 518 462 465 526 627 728 816 873 897 913 905 889 847 780 698 605 524 473 448 443 456
488 489 497 480 438 383 325 304 334 412 520 633 710 730 687 579 452 316 204 133 94 112 160 282 456 636 820 900 857 715 503 326 258 312 496 728 894 983 961 868 804 750 743 740 687 618 526 469 493 576 712 847 927 941 884 776 677 592 539 522 511 511 508 504
132 496 456 406 90 326 317 341 97 459 534 612 170 715 711 646 135 399 253 124 8 2 12 121 74 492 700 800 192 626 399 215 39 232 463 728 223 959 889 771 183 739 831 900 213 727 515 334 73 365 556 773 225 930 846 692 144 496 482 520 136 565 564 547
505 465 415 367 339 335 365 417 470 526 570 609 649 675 681 649 583 482 365 240 133 63 15 59 178 335 524 634 627 521 331 180 148 237 474 725 858 891 787 664 650 706 866 983 943 786 500 238 147 202 415 674 827 868 774 601 484 414 429 503 549 582 583 558
410 388 365 357 372 408 472 539 587 616 628 622 615 607 596 591 587 573 550 492 408 307 180 105 104 160 276 379 411 385 293 226 244 335 532 713 780 768 649 548 566 665 864 1006 980 817 506 208 82 109 304 558 710 758 671 510 410 358 390 479 534 571 572 546
308 332 374 431 491 551 609 650 674 676 675 647 601 556 507 501 546 618 706 744 712 606 424 241 124 74 109 194 258 307 317 333 395 477 612 708 711 660 546 478 516 630 828 966 956 815 535 253 113 104 242 444 568 615 554 433 362 328 360 434 479 508 509 489
67 340 450 565 163 709 729 721 178 695 700 679 155 552 466 436 123 604 757 864 219 784 588 360 48 95 94 173 63 337 393 445 130 590 683 728 174 626 518 463 125 607 781 906 228 804 575 328 46 139 210 345 109 483 458 389 88 332 350 393 104 430 431 421
280 396 567 726 823 859 824 755 712 684 705 711 661 586 471 404 440 547 715 854 895 830 658 444 284 190 190 269 350 438 500 551 617 670 735 755 711 638 541 490 517 606 747 856 879 809 641 437 292 209 204 264 319 368 387 379 379 372 369 371 365 360 360 363
348 495 706 887 973 970 871 741 667 639 687 737 723 662 535 423 404 449 564 680 724 699 595 468 391 363 408 496 561 613 630 637 665 697 753 780 751 691 605 548 559 625 735 833 869 832 717 549 402 284 211 204 229 282 343 392 426 429 405 367 334 311 310 325
434 580 790 960 1027 1000 875 727 644 623 680 754 769 731 614 477 402 368 394 444 463 461 429 405 425 476 574 673 729 749 727 695 686 693 738 769 754 712 644 595 607 667 764 859 905 888 806 656 500 350 223 171 179 244 347 448 516 533 498 433 380 343 341 366
117 593 774 922 246 966 869 748 170 662 704 763 195 751 653 521 106 346 305 295 71 283 286 316 95 466 578 682 187 778 774 750 182 710 718 718 173 658 618 603 160 715 810 901 239 952 894 758 148 416 248 161 40 240 384 534 159 672 636 554 122 442 440 471
446 530 655 769 836 857 836 787 756 741 746 759 754 726 657 558 467 372 281 213 166 147 157 203 270 354 449 549 640 712 769 791 775 731 682 622 563 528 523 565 648 758 865 954 1010 1006 953 820 645 455 270 173 175 270 442 625 755 811 787 708 642 594 593 626
372 404 459 537 623 711 804 860 877 858 804 737 686 647 615 578 529 456 350 239 161 104 87 98 112 144 180 265 394 543 708 816 827 752 620 467 355 313 360 490 643 805 933 1010 1057 1039 976 840 657 464 282 191 205 316 506 709 858 935 932 869 812 769 768 799
241 230 227 277 384 534 729 882 946 928 830 698 607 556 553 572 566 527 425 299 207 128 90 61 17 -13 -46 11 165 378 642 831 868 767 557 315 155 107 201 409 617 814 947 1001 1027 989 917 791 625 459 310 247 273 383 560 748 894 979 1000 966 930 898 899 922
29 80 45 77 47 364 608 812 227 903 798 650 138 505 523 567 143 536 424 286 49 125 106 90 10 -9 -77 -50 24 318 609 821 215 742 493 214 10 0 121 365 148 792 911 934 233 874 794 689 140 445 357 334 93 465 598 737 213 928 967 967 239 941 943 955
14 -20 -52 -23 80 244 475 674 775 786 705 587 514 484 513 553 545 492 368 234 164 130 162 196 180 146 69 63 170 349 601 784 800 672 418 147 -4 -19 122 370 585 754 834 814 774 698 617 546 473 427 411 432 476 537 605 671 734 785 830 859 871 873 876 876
-62 -69 -63 -21 58 169 319 453 532 564 543 504 490 489 518 522 472 380 241 128 97 133 250 375 438 454 398 358 396 481 630 731 703 575 351 138 46 71 221 436 600 699 710 635 556 472 411 400 404 439 496 550 588 602 591 570 567 580 619 668 699 717 719 708
-35 3 66 130 178 212 243 267 295 331 368 419 471 507 535 499 409 281 135 48 55 156 350 560 707 783 763 696 656 626 640 631 547 423 255 134 127 211 376 554 663 688 628 497 375 279 234 268 335 434 545 620 651 626 549 455 389 357 371 417 451 474 476 459
18 150 263 350 94 349 278 202 42 183 242 343 109 500 534 488 98 264 136 78 27 236 452 689 217 970 968 882 197 676 590 497 93 255 136 95 41 307 501 671 189 739 634 461 75 181 127 173 66 393 530 616 162 605 495 357 62 178 161 188 53 232 232 216
233 342 491 595 608 537 390 229 133 109 157 271 379 460 505 473 404 308 220 194 233 353 543 751 913 1007 1004 910 789 634 491 350 206 100 22 45 174 368 598 780 864 832 705 507 318 177 106 141 226 351 480 560 594 553 443 298 172 76 26 21 23 32 30 20
432 555 717 829 841 754 571 360 209 130 132 214 305 390 454 466 455 419 387 384 412 487 600 723 817 864 838 745 630 484 344 205 70 -23 -77 -21 138 367 635 855 967 956 838 634 430 262 160 154 197 286 382 449 494 480 407 289 173 65 -20 -67 -97 -107 -111 -109
562 679 826 931 950 874 703 489 315 193 141 167 216 285 358 420 480 526 568 600 619 635 648 650 639 607 538 453 372 281 204 120 32 -34 -74 -17 136 362 642 885 1021 1036 941 755 565 401 294 260 260 297 337 371 414 426 403 340 259 163 63 -15 -69 -96 -101 -87
145 683 811 905 232 867 718 522 88 216 140 128 35 184 245 330 110 554 667 746 194 757 696 599 124 394 288 213 42 140 136 123 24 69 47 94 55 412 665 890 253 1030 945 787 160 519 451 429 103 407 387 370 97 408 425 418 95 312 218 128 16 29 24 44
487 568 668 746 772 734 623 471 334 214 141 108 88 100 132 216 350 509 678 804 857 825 722 555 382 222 85 21 14 55 136 209 256 274 266 287 363 489 678 848 929 932 852 732 648 596 597 615 603 571 499 430 414 427 472 516 522 492 421 337 278 243 239 260
302 355 422 477 501 484 417 326 247 174 137 107 65 37 22 73 200 383 596 777 872 862 756 558 343 141 -22 -82 -64 33 191 350 474 546 559 551 570 609 702 780 787 751 661 583 573 614 712 799 824 787 681 561 497 483 529 602 645 657 626 570 534 510 508 524
116 144 184 220 241 244 219 191 174 159 168 156 109 54 -3 2 88 243 444 637 757 780 712 540 338 137 -25 -78 -40 95 306 528 706 812 833 789 745 696 686 669 608 538 449 412 464 577 743 882 938 910 798 662 575 544 589 676 739 779 777 745 727 712 712 723
5 26 42 64 22 115 138 167 50 225 256 250 51 138 64 35 18 171 308 457 141 602 577 458 74 124 -20 -60 0 167 421 686 222 999 1002 910 201 685 600 530 111 378 316 318 101 538 711 846 225 874 776 662 148 578 639 739 203 859 863 833 204 801 801 812
31 20 16 27 56 104 169 243 309 355 387 376 335 272 201 151 137 160 199 267 334 376 398 352 253 131 15 -14 60 238 508 784 979 1070 1042 906 756 598 476 393 322 287 267 297 385 493 617 703 729 703 637 576 553 577 660 762 829 863 851 807 778 756 755 769
172 146 123 125 160 228 332 438 514 556 559 525 488 442 399 352 293 232 149 99 98 123 183 217 192 135 56 39 122 297 560 818 976 1023 954 782 607 444 324 273 256 281 318 366 425 464 488 480 450 414 387 403 454 539 658 758 811 812 760 681 620 582 579 602
393 349 300 284 320 404 540 667 742 763 720 648 602 569 561 535 459 346 177 35 -20 -15 67 153 180 167 107 84 154 300 527 741 848 849 748 569 409 285 217 234 289 371 450 491 500 456 377 279 197 155 162 241 350 479 612 694 722 687 599 493 409 359 354 382
144 510 428 387 104 506 663 808 221 892 815 709 162 614 623 616 136 422 232 66 0 9 106 217 66 260 190 137 42 263 435 597 165 634 526 371 64 196 199 282 96 489 571 583 136 444 308 174 20 49 83 188 78 436 539 580 144 518 422 321 60 194 189 214
720 627 505 430 444 535 706 867 948 946 843 704 619 572 586 604 560 474 325 193 154 179 277 378 411 384 282 185 161 194 302 409 439 406 313 209 164 183 268 408 532 626 674 641 562 440 302 186 116 106 149 238 333 411 455 446 412 347 265 192 134 102 98 114
803 674 501 381 374 463 646 830 924 922 806 638 521 449 456 499 505 492 439 396 418 473 563 626 617 542 391 239 151 116 154 210 222 203 148 116 156 258 422 598 710 755 734 643 541 441 363 328 320 342 376 404 425 418 377 314 255 199 156 133 117 111 109 110
818 661 446 289 260 342 528 725 829 828 708 525 388 301 307 380 438 504 550 597 677 755 830 851 803 689 509 324 187 97 74 84 84 86 74 112 228 394 613 794 865 840 735 591 487 440 462 539 609 661 669 617 552 459 349 253 183 144 135 152 172 187 186 176
207 661 427 251 52 279 455 645 185 729 601 413 69 199 226 335 109 549 649 735 208 909 963 961 225 783 611 427 68 149 78 45 7 39 56 145 78 518 766 939 243 891 720 540 110 439 545 708 208 899 877 763 161 507 374 277 52 176 172 190 54 234 234 223
824 661 427 249 199 258 418 588 662 634 495 313 196 153 221 369 497 620 720 788 860 913 948 950 910 829 705 557 415 281 177 106 66 72 101 217 405 623 870 1018 1015 892 677 480 392 431 602 825 980 1049 997 843 703 563 453 386 330 295 267 250 253 258 256 254
834 687 472 307 259 305 444 581 619 564 406 238 163 179 313 506 642 733 767 749 747 752 775 814 835 837 804 725 624 497 369 256 180 161 181 299 483 690 915 1031 1003 859 626 427 352 413 619 865 1022 1078 1001 838 717 622 581 573 535 483 397 305 255 228 223 240
851 728 542 400 358 393 512 612 611 528 350 199 172 254 457 688 817 850 784 650 554 505 521 614 713 812 882 881 833 724 585 438 323 270 268 369 531 713 904 990 952 809 581 394 329 393 601 836 971 1008 916 768 694 669 715 772 756 678 523 344 229 164 156 195
212 743 579 455 105 448 554 629 151 503 315 177 46 310 559 812 233 922 785 569 102 320 333 463 154 782 923 979 243 882 743 580 111 369 350 434 143 729 888 947 225 759 539 366 78 380 589 814 233 954 851 716 169 702 814 920 230 827 624 384 56 132 121 176
847 752 601 488 458 483 582 644 606 496 302 172 198 349 622 886 998 960 779 513 313 204 216 369 554 759 940 1028 1046 969 832 663 515 427 396 467 589 729 868 913 863 727 516 353 305 372 576 790 894 907 800 676 659 717 868 1002 1011 908 678 403 217 109 96 161
847 753 604 491 461 485 584 644 604 492 298 168 196 350 627 893 1006 966 781 510 307 194 206 362 550 759 945 1037 1057 980 843 671 522 432 401 472 593 732 870 913 862 725 513 350 303 371 577 791 896 908 799 675 660 720 875 1012 1022 919 685 406 217 107 95 160
845 745 588 469 436 462 563 630 597 491 300 166 184 323 586 846 964 943 786 548 368 269 280 420 588 773 935 1008 1014 929 790 622 479 398 375 455 587 737 886 937 886 744 525 355 305 376 588 812 926 944 836 704 672 713 844 964 970 873 656 398 224 125 113 172