0 4 12 22 8 41 51 60 17 75 83 92 25 108 118 127 34 143 152 160 42 176 186 195 51 211 220 228 59 244 254 263 68 279 288 296 76 312 322 331 85 347 356 364 93 380 390 399 102 415 424 432 110 447 456 466 119 485 495 503 127 510 510 509
4 9 17 27 37 46 56 64 72 79 88 97 105 113 123 132 140 148 157 165 173 181 191 200 208 216 225 233 241 249 259 268 276 284 293 301 309 317 327 336 344 352 361 369 377 385 395 404 412 420 429 437 445 452 461 471 480 489 500 508 513 516 516 514
12 17 26 37 47 55 64 72 80 87 96 106 115 122 131 140 148 156 165 174 183 190 199 208 216 224 233 242 251 258 267 276 284 292 301 310 319 326 335 344 352 360 369 378 387 394 403 412 420 428 437 447 455 462 470 479 488 497 508 517 523 525 525 524
22 27 37 48 58 66 74 82 90 97 107 117 126 133 142 150 158 166 176 185 194 201 210 218 226 234 244 253 262 269 278 286 294 302 312 321 330 337 346 354 362 370 380 389 398 405 414 422 430 438 448 458 466 473 481 489 498 507 518 528 534 537 537 535
8 37 47 58 17 76 84 92 25 107 117 127 34 143 152 160 42 176 186 195 51 211 220 228 59 244 254 263 68 279 288 296 76 312 322 331 85 347 356 364 93 380 390 399 102 415 424 432 110 448 458 468 119 483 491 499 127 517 528 538 136 547 547 545
41 46 55 66 76 84 93 101 109 116 126 135 144 151 161 169 177 185 195 203 212 219 229 237 245 253 263 271 280 287 297 305 313 321 331 339 348 355 365 373 381 389 399 407 416 423 433 441 449 457 467 476 484 491 499 508 517 526 537 546 552 555 555 553
51 55 64 74 84 93 102 111 119 126 135 144 152 160 170 178 187 194 204 212 220 228 238 246 255 262 272 280 288 296 306 314 323 330 340 348 356 364 374 382 391 398 408 416 424 432 442 450 459 466 476 484 492 499 508 517 527 536 546 555 560 563 563 561
60 64 72 82 92 101 111 120 128 135 143 152 160 168 178 187 196 203 212 220 228 236 246 255 264 271 280 288 296 304 314 323 332 339 348 356 364 372 382 391 400 407 416 424 432 440 450 459 468 475 484 492 500 507 516 526 536 545 555 563 568 570 570 569
17 72 80 90 25 109 119 128 34 143 151 160 42 176 186 195 51 211 220 228 59 244 254 263 68 279 288 296 76 312 322 331 85 347 356 364 93 380 390 399 102 415 424 432 110 448 458 467 119 483 492 500 127 515 524 534 136 553 563 571 144 578 578 577
75 79 87 97 107 116 126 135 143 150 158 167 175 183 193 202 211 218 227 235 243 251 261 270 279 286 295 303 311 319 329 338 347 354 363 371 379 387 397 406 415 422 431 439 447 455 465 474 483 490 499 507 515 522 531 541 551 560 570 578 583 585 585 584
83 87 96 107 117 125 134 143 151 158 167 176 185 192 202 210 219 226 236 244 253 260 270 278 287 294 304 312 321 328 338 346 355 362 372 380 389 396 406 414 423 430 440 448 457 464 474 482 491 498 508 517 525 532 540 549 559 568 578 587 593 596 596 594
92 97 106 117 127 135 144 152 160 167 177 186 195 202 212 220 228 236 246 254 263 270 280 288 296 304 314 322 331 338 348 356 364 372 382 390 399 406 416 424 432 440 450 458 467 474 484 492 500 508 518 527 535 542 550 559 568 577 588 597 603 606 606 604
25 105 115 126 34 144 152 160 42 175 185 195 51 211 220 228 59 244 254 263 68 279 288 296 76 312 322 331 85 347 356 364 93 380 390 399 102 415 424 432 110 448 458 467 119 483 492 500 127 516 526 536 136 551 559 567 144 585 596 606 153 615 615 613
108 113 122 133 143 151 160 168 176 183 192 202 211 218 227 236 244 252 261 270 279 286 295 304 312 320 329 338 347 354 363 372 380 388 397 406 415 422 431 440 448 456 465 474 483 490 499 508 516 524 533 543 551 558 566 575 584 593 604 613 619 622 622 620
118 122 131 142 152 160 169 178 186 193 202 211 220 227 237 245 254 261 271 279 288 295 305 313 322 329 339 347 356 363 373 381 390 397 407 415 424 431 441 449 458 465 475 483 492 499 509 517 526 533 543 552 560 567 575 584 594 603 613 622 628 630 630 629
127 131 140 150 160 169 178 187 195 202 211 220 228 236 246 254 263 270 280 288 296 304 314 322 331 338 348 356 364 372 382 390 399 406 416 424 432 440 450 458 467 474 484 492 500 508 518 526 535 542 552 560 568 575 584 593 603 612 622 631 636 638 638 637
34 140 148 158 42 177 187 196 51 211 219 228 59 244 254 263 68 279 288 296 76 312 322 331 85 347 356 364 93 380 390 399 102 415 424 432 110 448 458 467 119 483 492 500 127 516 526 535 136 551 560 568 144 583 592 602 153 621 631 639 161 646 646 645
143 147 156 166 176 185 194 203 211 218 226 236 244 252 261 270 279 286 295 304 312 320 329 338 347 354 363 372 380 388 397 406 415 422 431 440 448 456 465 474 483 490 499 508 516 524 533 542 551 558 567 576 584 591 600 609 619 628 638 647 652 654 654 653
152 156 165 176 186 194 203 212 220 227 236 245 254 261 271 279 288 295 305 313 322 329 339 347 356 363 373 381 390 397 407 415 424 431 441 449 458 465 475 483 492 499 509 517 526 533 543 551 560 567 577 586 594 601 609 618 628 637 647 656 662 664 664 663
160 165 174 185 195 203 212 220 228 235 245 254 263 270 280 288 296 304 314 322 331 338 348 356 364 372 382 390 399 406 416 424 432 440 450 458 467 474 484 492 500 508 518 526 535 542 552 560 568 576 586 595 603 610 618 627 636 645 656 665 671 674 674 672
42 173 183 194 51 212 220 228 59 243 253 263 68 279 288 296 76 312 322 331 85 347 356 364 93 380 390 399 102 415 424 432 110 448 458 467 119 483 492 500 127 516 526 535 136 551 560 568 144 584 594 604 153 619 627 635 161 653 664 674 170 683 683 681
176 181 190 201 211 219 228 236 244 251 260 270 279 286 295 304 312 320 329 338 347 354 363 372 380 388 397 406 415 422 431 440 448 456 465 474 483 490 499 508 516 524 533 542 551 558 567 576 584 592 601 611 619 626 634 643 652 661 672 681 687 690 690 688
186 190 199 210 220 228 237 246 254 261 270 279 288 295 305 313 322 329 339 347 356 363 373 381 390 397 407 415 424 431 441 449 458 465 475 483 492 499 509 517 526 533 543 551 560 567 577 585 594 601 611 620 628 635 643 652 662 671 681 690 696 698 698 697
195 199 208 218 228 237 246 255 263 270 279 288 296 304 314 322 331 338 348 356 364 372 382 390 399 406 416 424 432 440 450 458 467 474 484 492 500 508 518 526 535 542 552 560 568 576 586 594 603 610 620 628 636 643 652 661 671 680 690 699 704 706 706 705
51 208 216 226 59 245 255 264 68 279 287 296 76 312 322 331 85 347 356 364 93 380 390 399 102 415 424 432 110 448 458 467 119 483 492 500 127 516 526 535 136 551 560 568 144 584 594 603 153 619 628 636 161 651 660 670 170 689 699 707 178 714 714 713
211 215 224 234 244 253 262 271 279 286 294 304 312 320 329 338 347 354 363 372 380 388 397 406 415 422 431 440 448 456 465 474 483 490 499 508 516 524 533 542 551 558 567 576 584 592 601 610 619 626 635 644 652 659 668 677 687 696 706 715 720 722 722 721
220 224 233 244 254 262 271 280 288 295 304 313 322 329 339 347 356 363 373 381 390 397 407 415 424 431 441 449 458 465 475 483 492 499 509 517 526 533 543 551 560 567 577 585 594 601 611 619 628 635 645 654 662 669 677 686 696 705 715 724 730 732 732 731
228 233 242 253 263 271 280 288 296 303 313 322 331 338 348 356 364 372 382 390 399 406 416 424 432 440 450 458 467 474 484 492 500 508 518 526 535 542 552 560 568 576 586 594 603 610 620 628 636 644 654 663 671 678 686 695 704 713 724 733 739 742 742 740
59 241 251 262 68 280 288 296 76 311 321 331 85 347 356 364 93 380 390 399 102 415 424 432 110 448 458 467 119 483 492 500 127 516 526 535 136 551 560 568 144 584 594 603 153 619 628 636 161 652 662 672 170 687 695 703 178 721 732 742 187 751 751 749
244 249 258 269 279 287 296 304 312 319 328 338 347 354 363 372 380 388 397 406 415 422 431 440 448 456 465 474 483 490 499 508 516 524 533 542 551 558 567 576 584 592 601 610 619 626 635 644 652 660 669 679 687 694 702 711 720 729 740 749 755 758 758 756
254 258 267 278 288 296 305 314 322 329 338 347 356 363 373 381 390 397 407 415 424 431 441 449 458 465 475 483 492 499 509 517 526 533 543 551 560 567 577 585 594 601 611 619 628 635 645 653 662 669 679 688 696 703 711 720 730 739 749 758 764 766 766 765
263 267 276 286 296 305 314 323 331 338 347 356 364 372 382 390 399 406 416 424 432 440 450 458 467 474 484 492 500 508 518 526 535 542 552 560 568 576 586 594 603 610 620 628 636 644 654 662 671 678 688 696 704 711 720 729 739 748 758 767 772 774 774 773
68 276 284 294 76 313 323 332 85 347 355 364 93 380 390 399 102 415 424 432 110 448 458 467 119 483 492 500 127 516 526 535 136 551 560 568 144 584 594 603 153 619 628 636 161 652 662 671 170 687 696 704 178 719 728 738 187 757 767 775 195 782 782 781
279 283 292 302 312 321 330 339 347 354 362 372 380 388 397 406 415 422 431 440 448 456 465 474 483 490 499 508 516 524 533 542 551 558 567 576 584 592 601 610 619 626 635 644 652 660 669 678 687 694 703 712 720 727 736 745 755 764 774 783 788 790 790 789
288 292 301 312 322 330 339 348 356 363 372 381 390 397 407 415 424 431 441 449 458 465 475 483 492 499 509 517 526 533 543 551 560 567 577 585 594 601 611 619 628 635 645 653 662 669 679 687 696 703 713 722 730 737 745 754 764 773 783 792 798 800 800 799
296 301 310 321 331 339 348 356 364 371 381 390 399 406 416 424 432 440 450 458 467 474 484 492 500 508 518 526 535 542 552 560 568 576 586 594 603 610 620 628 636 644 654 662 671 678 688 696 704 712 722 731 739 746 754 763 772 781 792 801 807 810 810 808
76 309 319 330 85 348 356 364 93 379 389 399 102 415 424 432 110 448 458 467 119 483 492 500 127 516 526 535 136 551 560 568 144 584 594 603 153 619 628 636 161 652 662 671 170 687 696 704 178 720 730 740 187 755 763 771 195 789 800 810 204 819 819 817
312 317 326 337 347 355 364 372 380 387 396 406 415 422 431 440 448 456 465 474 483 490 499 508 516 524 533 542 551 558 567 576 584 592 601 610 619 626 635 644 652 660 669 678 687 694 703 712 720 728 737 747 755 762 770 779 788 797 808 817 823 826 826 824
322 326 335 346 356 364 373 382 390 397 406 415 424 431 441 449 458 465 475 483 492 499 509 517 526 533 543 551 560 567 577 585 594 601 611 619 628 635 645 653 662 669 679 687 696 703 713 721 730 737 747 756 764 771 779 788 798 807 817 826 832 834 834 833
331 335 344 354 364 373 382 391 399 406 415 424 432 440 450 458 467 474 484 492 500 508 518 526 535 542 552 560 568 576 586 594 603 610 620 628 636 644 654 662 671 678 688 696 704 712 722 730 739 746 756 764 772 779 788 797 807 816 826 835 840 842 842 841
85 344 352 362 93 381 391 400 102 415 423 432 110 448 458 467 119 483 492 500 127 516 526 535 136 551 560 568 144 584 594 603 153 619 628 636 161 652 662 671 170 687 696 704 178 720 730 739 187 755 764 772 195 787 796 806 204 825 835 843 212 850 850 849
347 351 360 370 380 389 398 407 415 422 430 440 448 456 465 474 483 490 499 508 516 524 533 542 551 558 567 576 584 592 601 610 619 626 635 644 652 660 669 678 687 694 703 712 720 728 737 746 755 762 771 780 788 795 804 813 823 832 842 851 856 858 858 857
356 360 369 380 390 398 407 416 424 431 440 449 458 465 475 483 492 499 509 517 526 533 543 551 560 567 577 585 594 601 611 619 628 635 645 653 662 669 679 687 696 703 713 721 730 737 747 755 764 771 781 790 798 805 813 822 832 841 851 860 866 868 868 867
364 369 378 389 399 407 416 424 432 439 449 458 467 474 484 492 500 508 518 526 535 542 552 560 568 576 586 594 603 610 620 628 636 644 654 662 671 678 688 696 704 712 722 730 739 746 756 764 772 780 790 799 807 814 822 831 840 849 860 869 875 878 878 876
93 377 387 398 102 416 424 432 110 447 457 467 119 483 492 500 127 516 526 535 136 551 560 568 144 584 594 603 153 619 628 636 161 652 662 671 170 687 696 704 178 720 730 739 187 755 764 772 195 788 798 808 204 823 831 839 212 857 868 878 221 887 887 885
380 385 394 405 415 423 432 440 448 455 464 474 483 490 499 508 516 524 533 542 551 558 567 576 584 592 601 610 619 626 635 644 652 660 669 678 687 694 703 712 720 728 737 746 755 762 771 780 788 796 805 815 823 830 838 847 856 865 876 885 891 894 894 892
390 394 403 414 424 432 441 450 458 465 474 483 492 499 509 517 526 533 543 551 560 567 577 585 594 601 611 619 628 635 645 653 662 669 679 687 696 703 713 721 730 737 747 755 764 771 781 789 798 805 815 824 832 839 847 856 866 875 885 894 900 902 902 901
399 403 412 422 432 441 450 459 467 474 483 492 500 508 518 526 535 542 552 560 568 576 586 594 603 610 620 628 636 644 654 662 671 678 688 696 704 712 722 730 739 746 756 764 772 780 790 798 807 814 824 832 840 847 856 865 875 884 894 903 908 910 910 909
102 412 420 430 110 449 459 468 119 483 491 500 127 516 526 535 136 551 560 568 144 584 594 603 153 619 628 636 161 652 662 671 170 687 696 704 178 720 730 739 187 755 764 772 195 788 798 807 204 823 832 840 212 855 864 874 221 893 903 911 229 918 918 917
415 419 428 438 448 457 466 475 483 490 498 508 516 524 533 542 551 558 567 576 584 592 601 610 619 626 635 644 652 660 669 678 687 694 703 712 720 728 737 746 755 762 771 780 788 796 805 814 823 830 839 848 856 863 872 881 891 900 910 919 924 926 926 925
424 429 438 448 458 467 476 484 492 499 508 518 526 534 543 552 560 568 577 586 594 602 611 620 628 636 645 654 662 670 679 688 696 704 713 722 730 738 747 756 764 772 781 790 798 806 815 824 832 840 849 858 866 873 882 891 900 909 920 929 934 936 936 935
432 437 447 458 468 476 484 492 500 507 517 527 536 543 552 560 568 576 586 595 604 611 620 628 636 644 654 663 672 679 688 696 704 712 722 731 740 747 756 764 772 780 790 799 808 815 824 832 840 848 858 868 876 883 891 899 908 917 928 938 944 947 947 945
110 445 455 466 119 484 492 500 127 515 525 535 136 551 560 568 144 584 594 603 153 619 628 636 161 652 662 671 170 687 696 704 178 720 730 739 187 755 764 772 195 788 798 807 204 823 832 840 212 856 866 876 221 891 899 907 229 925 936 946 238 955 955 953
447 452 462 473 483 491 499 507 515 522 532 542 551 558 567 575 583 591 601 610 619 626 635 643 651 659 669 678 687 694 703 711 719 727 737 746 755 762 771 779 787 795 805 814 823 830 839 847 855 863 873 883 891 898 906 914 923 932 943 953 959 962 962 960
456 461 470 481 491 499 508 516 524 531 540 550 559 566 575 584 592 600 609 618 627 634 643 652 660 668 677 686 695 702 711 720 728 736 745 754 763 770 779 788 796 804 813 822 831 838 847 856 864 872 881 891 899 906 914 923 932 941 952 961 967 969 969 968
466 470 479 489 499 508 517 526 534 541 549 559 567 575 584 593 602 609 618 627 635 643 652 661 670 677 686 695 703 711 720 729 738 745 754 763 771 779 788 797 806 813 822 831 839 847 856 865 874 881 890 899 907 914 923 932 942 951 961 970 975 977 977 976
119 480 488 498 127 517 527 536 136 551 559 568 144 584 594 603 153 619 628 636 161 652 662 671 170 687 696 704 178 720 730 739 187 755 764 772 195 788 798 807 204 823 832 840 212 856 866 875 221 891 900 908 229 923 932 942 238 961 971 979 246 986 986 985
485 489 497 507 517 526 536 545 553 560 568 577 585 593 603 612 621 628 637 645 653 661 671 680 689 696 705 713 721 729 739 748 757 764 773 781 789 797 807 816 825 832 841 849 857 865 875 884 893 900 909 917 925 932 941 951 961 970 980 988 993 995 995 994
495 499 508 518 528 537 546 555 563 570 579 588 596 604 614 622 631 638 648 656 664 672 682 690 699 706 716 724 732 740 750 758 767 774 784 792 800 808 818 826 835 842 852 860 868 876 886 894 903 910 920 928 936 943 952 961 971 980 990 999 1004 1007 1007 1005
503 507 517 528 538 546 554 563 571 578 587 597 606 613 622 630 639 646 656 665 674 681 690 698 707 714 724 733 742 749 758 766 775 782 792 801 810 817 826 834 843 850 860 869 878 885 894 902 911 918 928 938 946 953 961 969 979 988 998 1008 1014 1016 1016 1015
127 513 523 534 136 552 560 568 144 583 593 603 153 619 628 636 161 652 662 671 170 687 696 704 178 720 730 739 187 755 764 772 195 788 798 807 204 823 832 840 212 856 866 875 221 891 900 908 229 924 934 944 238 959 967 975 246 993 1004 1014 255 1023 1023 1021
510 515 525 537 547 554 562 570 578 585 595 605 615 621 630 638 646 654 664 673 683 689 698 706 714 722 732 741 751 757 766 774 782 790 800 809 819 825 834 842 850 858 868 877 887 893 902 910 918 926 936 947 955 962 969 977 986 995 1006 1016 1023 1026 1026 1024
510 516 526 537 547 555 563 570 578 585 596 606 615 622 631 639 646 655 665 674 683 690 699 707 714 723 733 742 751 758 767 775 782 791 801 810 819 826 835 843 850 859 869 878 887 894 903 911 918 927 937 947 955 962 970 978 986 995 1007 1017 1023 1026 1026 1024
509 514 524 535 545 553 561 569 577 584 594 604 613 620 629 637 645 653 663 672 681 688 697 705 713 721 731 740 749 756 765 773 781 789 799 808 817 824 833 841 849 857 867 876 885 892 901 909 917 925 935 945 953 960 968 976 985 994 1005 1015 1021 1024 1024 1022