0 4 11 20 7 35 43 50 14 61 69 77 21 91 99 108 29 123 130 137 36 150 157 164 43 179 188 196 51 211 218 225 58 238 245 252 65 267 276 284 73 299 306 313 80 326 334 341 87 354 362 369 94 382 391 399 102 416 425 431 109 438 438 437
4 8 15 24 32 39 47 53 60 65 73 81 89 96 104 112 120 127 134 140 148 154 161 169 177 184 192 200 208 215 222 228 236 242 249 257 265 272 280 288 296 303 310 317 324 330 338 345 352 358 366 374 381 387 395 403 412 420 429 435 440 442 442 441
11 15 22 31 39 46 53 60 66 72 80 89 97 104 112 120 127 133 140 147 154 161 169 177 185 192 200 208 215 221 228 235 242 249 257 265 273 280 288 295 303 309 317 324 331 337 344 352 358 365 373 382 389 395 403 411 419 426 435 442 446 448 448 447
20 24 31 40 48 55 62 68 75 81 90 99 107 114 121 129 136 142 149 155 163 170 179 187 195 202 209 217 224 230 237 243 251 258 267 275 283 290 297 304 312 318 326 333 340 346 353 360 367 374 383 392 399 405 412 420 428 435 444 450 455 457 457 456
7 32 39 48 14 63 70 77 21 90 99 108 29 123 130 137 36 150 157 164 43 179 188 196 51 211 218 225 58 238 245 252 65 267 276 284 73 299 306 313 80 326 334 341 87 354 361 369 94 383 392 401 102 414 421 428 109 443 452 459 116 466 466 465
35 39 46 55 63 70 77 85 92 98 107 116 123 130 137 144 151 157 164 172 180 187 196 204 211 218 225 232 239 245 252 260 268 275 284 292 299 306 313 320 327 333 341 348 355 361 368 376 384 391 400 409 415 421 428 435 443 450 459 466 472 474 474 473
43 46 53 61 70 77 85 93 100 107 115 124 131 137 144 151 158 164 172 180 188 196 204 212 219 225 232 239 246 252 261 268 276 284 292 299 307 313 321 328 335 340 348 355 362 368 376 385 392 400 408 417 423 428 435 442 450 457 467 475 480 482 483 481
50 53 59 68 77 85 93 101 109 115 123 131 138 144 151 157 165 172 180 188 197 204 211 219 226 232 238 245 253 260 269 276 285 292 299 306 314 320 328 335 342 347 355 362 369 376 383 393 401 408 416 424 430 435 441 449 457 465 475 483 489 491 491 490
14 60 66 75 21 92 100 109 29 122 130 137 36 150 157 164 43 179 188 196 51 211 218 225 58 238 245 252 65 267 276 284 73 299 306 313 80 326 334 341 87 354 361 369 94 383 391 400 102 415 423 430 109 441 448 456 116 472 482 490 124 498 499 497
61 66 72 81 90 98 107 115 122 128 135 142 149 155 163 170 178 186 195 202 210 217 223 230 237 243 251 258 266 274 282 290 298 305 312 319 326 331 339 346 353 360 367 375 382 390 398 406 414 421 428 435 441 447 454 462 470 479 489 496 502 504 505 503
69 73 80 90 99 107 115 123 130 135 142 149 156 163 171 179 187 194 203 210 218 224 230 237 244 251 259 267 275 282 290 298 306 312 319 326 333 339 346 354 361 367 374 383 391 398 406 414 422 428 435 442 448 454 462 470 479 487 497 504 510 512 512 511
77 81 89 99 108 115 124 131 137 142 149 157 164 171 180 188 196 203 211 218 225 231 238 245 252 259 268 276 284 291 299 306 313 319 327 334 341 347 354 362 369 375 383 392 400 407 415 422 429 435 442 450 456 463 471 479 488 496 506 512 517 519 520 518
21 89 97 107 29 123 131 138 36 149 156 164 43 179 188 196 51 211 218 225 58 238 245 252 65 267 276 284 73 299 306 313 80 326 334 341 87 354 361 369 94 383 391 400 102 415 422 429 109 442 449 457 116 471 479 487 124 504 513 519 131 526 526 525
91 96 104 114 123 129 137 144 150 155 162 171 179 186 195 203 211 217 224 231 238 244 251 259 267 274 283 291 299 305 312 319 326 332 340 347 354 360 367 376 383 390 398 407 415 421 428 435 442 448 455 464 471 478 486 494 503 510 519 525 530 532 531 531
99 104 112 122 130 137 144 150 157 162 170 179 188 195 203 211 218 225 231 237 245 251 260 267 276 283 291 299 306 312 320 327 334 339 347 354 361 368 375 384 391 399 407 415 422 429 435 442 449 455 463 472 480 487 494 502 510 518 526 532 537 539 538 538
108 112 120 129 137 144 151 158 164 170 179 188 196 203 211 218 225 231 238 245 252 259 268 276 284 291 299 306 313 319 327 334 341 347 354 362 369 375 383 392 400 407 415 422 429 435 442 449 456 463 472 481 488 495 502 509 517 524 533 540 544 546 546 545
29 120 127 136 36 151 158 165 43 178 187 196 51 211 218 225 58 238 245 252 65 267 276 284 73 299 306 313 80 326 334 341 87 354 361 369 94 383 391 400 102 415 422 429 109 442 449 456 116 471 480 489 124 502 509 516 131 531 540 547 138 554 554 553
123 126 133 142 150 157 164 172 179 185 194 203 211 217 224 231 238 244 251 259 267 274 283 291 299 305 312 319 326 332 340 347 354 360 367 376 383 390 398 407 415 421 428 435 442 448 455 463 471 478 487 496 503 508 515 522 530 537 546 554 559 561 561 560
130 134 140 148 157 164 172 180 188 194 203 211 218 225 231 237 245 251 260 267 276 283 291 299 306 312 320 327 334 339 347 354 361 368 375 384 391 399 407 415 422 429 435 442 449 455 463 471 480 487 496 504 510 515 522 529 537 544 554 562 568 570 570 569
137 141 147 156 164 172 180 189 196 202 211 218 225 231 238 245 252 259 268 276 284 291 299 306 313 319 327 334 341 347 354 362 369 375 383 392 400 407 415 422 429 435 442 449 456 463 472 480 488 495 504 511 517 522 529 537 544 552 562 570 576 578 579 577
36 148 154 163 43 180 188 197 51 210 218 225 58 238 245 252 65 267 276 284 73 299 306 313 80 326 334 341 87 354 361 369 94 383 391 400 102 415 422 429 109 442 449 456 116 471 480 488 124 503 511 518 131 529 536 544 138 560 570 578 146 586 587 585
150 154 160 170 179 187 195 204 211 216 224 231 238 244 251 259 267 274 283 291 299 305 312 319 326 332 340 347 354 360 367 376 383 390 398 407 415 421 428 435 442 448 455 463 471 478 487 495 503 509 517 524 530 535 542 551 559 567 577 585 591 593 593 592
157 161 168 178 188 195 204 212 218 224 230 237 245 251 260 267 276 283 291 299 306 312 320 327 334 339 347 354 361 368 375 384 391 399 407 415 422 429 435 442 449 455 463 471 480 487 495 503 510 517 523 530 537 543 551 559 568 576 585 592 598 600 601 599
164 169 177 187 196 203 212 219 225 230 237 245 252 259 268 276 284 291 299 306 313 319 327 334 341 347 354 362 369 375 383 392 400 407 415 422 429 435 442 449 456 463 472 480 488 495 503 510 517 523 530 538 544 551 559 567 576 584 594 600 605 607 607 606
43 177 185 195 51 211 219 226 58 237 244 252 65 267 276 284 73 299 306 313 80 326 334 341 87 354 361 369 94 383 391 400 102 415 422 429 109 442 449 456 116 471 480 488 124 503 510 517 131 530 537 545 138 559 567 575 146 592 601 607 153 614 614 613
179 184 192 202 211 217 225 232 238 243 250 259 267 274 283 291 299 305 312 319 326 332 340 347 354 360 367 376 383 390 398 407 415 421 428 435 442 448 455 463 471 478 487 495 503 509 516 523 530 536 543 552 559 566 574 582 591 598 607 613 618 620 620 619
188 192 200 210 218 225 232 238 245 250 258 267 276 283 291 299 306 312 320 327 334 339 347 354 361 368 375 384 391 399 407 415 422 429 435 442 449 455 463 471 480 487 495 503 510 517 523 529 537 543 551 560 568 574 582 589 598 605 614 621 626 628 627 627
196 200 208 217 225 232 239 246 252 258 267 276 284 291 299 306 313 319 327 334 341 347 354 362 369 375 383 392 400 407 415 422 429 435 442 449 456 463 472 480 488 495 503 510 517 523 530 537 544 551 560 569 576 583 590 597 605 612 621 628 633 635 635 634
51 208 215 224 58 239 246 253 65 266 275 284 73 299 306 313 80 326 334 341 87 354 361 369 94 383 391 400 102 415 422 429 109 442 449 456 116 471 480 488 124 503 510 517 131 530 537 544 138 559 568 577 146 590 597 604 153 619 628 635 160 642 642 641
211 214 221 230 238 245 252 260 267 273 282 291 299 305 312 319 326 332 340 347 354 360 367 376 383 390 398 407 415 421 428 435 442 448 455 463 471 478 487 495 503 509 516 523 530 536 543 551 559 566 575 584 591 596 603 610 618 625 634 641 646 648 648 647
218 222 228 236 245 253 260 268 276 282 291 299 306 312 320 327 334 339 347 354 361 368 375 384 391 399 407 415 422 429 435 442 449 455 463 471 480 487 495 503 510 517 523 529 537 543 552 559 568 575 583 591 598 603 610 618 626 632 641 648 653 655 655 654
225 229 235 244 252 260 268 277 284 290 299 306 313 319 327 334 341 347 354 362 369 375 383 392 400 407 415 422 429 435 442 449 456 463 472 480 488 495 503 510 517 523 530 537 544 551 560 568 576 583 591 599 605 610 617 625 633 640 649 656 661 663 662 662
58 236 242 251 65 268 276 285 73 298 306 313 80 326 334 341 87 354 361 369 94 383 391 400 102 415 422 429 109 442 449 456 116 471 480 488 124 503 510 517 131 530 537 544 138 559 568 576 146 591 598 606 153 617 624 632 160 647 656 663 167 670 670 669
238 242 248 258 267 275 283 292 299 305 312 319 326 332 340 347 354 360 367 376 383 390 398 407 415 421 428 435 442 448 455 463 471 478 487 495 503 509 516 523 530 536 543 551 559 566 575 583 591 597 604 612 618 623 630 638 646 653 662 670 675 677 677 676
245 250 257 266 276 283 291 299 306 312 319 327 334 339 347 354 361 368 375 384 391 399 407 415 422 429 435 442 449 455 463 471 480 487 495 503 510 517 523 529 537 543 552 559 568 575 583 591 598 604 612 620 626 630 637 645 653 661 670 678 683 685 686 684
252 257 265 275 284 291 299 307 313 319 326 334 341 347 354 362 369 375 383 392 400 407 415 422 429 435 442 449 456 463 472 480 488 495 503 510 517 523 530 537 544 551 560 568 576 583 591 598 605 611 619 627 633 638 645 653 661 668 678 686 692 694 695 693
65 265 273 283 73 299 307 314 80 326 333 341 87 354 361 369 94 383 391 400 102 415 422 429 109 442 449 456 116 471 480 488 124 503 510 517 131 530 537 544 138 559 568 576 146 591 598 605 153 618 626 634 160 645 652 660 167 676 686 694 175 702 703 701
267 272 280 290 299 305 313 320 326 332 339 347 354 360 367 376 383 390 398 407 415 421 428 435 442 448 455 463 471 478 487 495 503 509 516 523 530 536 543 551 559 566 575 583 591 597 604 611 618 624 632 640 646 651 659 667 675 683 693 701 707 709 709 708
276 280 288 297 306 313 321 328 334 339 346 354 361 368 375 384 391 399 407 415 422 429 435 442 449 455 463 471 480 487 495 503 510 517 523 529 537 543 552 559 568 575 583 591 598 604 612 619 626 631 639 647 653 659 667 675 683 692 701 709 714 716 717 715
284 288 296 305 313 320 328 335 341 346 354 362 369 375 383 392 400 407 415 422 429 435 442 449 456 463 472 480 488 495 503 510 517 523 530 537 544 551 560 568 576 583 591 598 605 611 619 626 633 639 647 654 661 666 675 683 692 700 710 716 721 723 724 722
73 296 303 312 80 327 335 342 87 353 361 369 94 383 391 400 102 415 422 429 109 442 449 456 116 471 480 488 124 503 510 517 131 530 537 544 138 559 568 576 146 591 598 605 153 618 626 633 160 646 654 661 167 674 683 691 175 708 717 723 182 730 730 729
299 302 309 318 326 333 341 348 354 359 367 376 383 390 398 407 415 421 428 435 442 448 455 463 471 478 487 495 503 509 516 523 530 536 543 551 559 566 575 583 591 597 604 611 618 624 632 639 646 652 660 668 675 681 690 698 707 714 723 729 734 736 735 735
306 310 317 326 334 340 348 355 361 366 375 384 391 399 407 415 422 429 435 442 449 455 463 471 480 487 495 503 510 517 523 529 537 543 552 559 568 575 583 591 598 604 612 619 626 631 639 646 653 660 668 676 683 690 698 706 714 722 730 736 741 743 742 742
313 317 324 333 341 348 355 362 369 374 383 392 400 407 415 422 429 435 442 449 456 463 472 480 488 495 503 510 517 523 530 537 544 551 560 568 576 583 591 598 605 611 619 626 633 639 646 654 661 667 676 685 692 698 706 713 721 728 737 744 748 750 750 749
80 324 331 340 87 355 362 369 94 382 391 400 102 415 422 429 109 442 449 456 116 471 480 488 124 503 510 517 131 530 537 544 138 559 568 576 146 591 598 605 153 618 626 633 160 646 653 661 167 675 684 693 175 706 713 720 182 735 744 751 189 758 758 757
326 330 337 346 354 361 368 376 383 389 398 407 415 421 428 435 442 448 455 463 471 478 487 495 503 509 516 523 530 536 543 551 559 566 575 583 591 597 604 611 618 624 632 639 646 652 659 668 675 682 691 700 707 712 719 726 734 741 750 758 763 765 765 764
334 337 344 353 361 369 376 384 391 398 407 415 422 429 435 442 449 455 463 471 480 487 495 503 510 517 523 529 537 543 552 559 568 575 583 591 598 604 612 619 626 631 639 646 653 660 667 676 683 691 700 708 714 719 726 733 741 748 758 766 772 774 774 773
341 345 351 360 369 376 384 393 400 406 415 422 429 435 442 449 456 463 472 480 488 495 503 510 517 523 530 537 544 551 560 568 576 583 591 598 605 611 619 626 633 639 646 654 661 667 675 684 692 699 708 715 721 726 733 741 748 756 766 774 780 782 783 781
87 352 358 367 94 384 392 401 102 414 422 429 109 442 449 456 116 471 480 488 124 503 510 517 131 530 537 544 138 559 568 576 146 591 598 605 153 618 626 633 160 646 653 661 167 675 683 692 175 707 715 722 182 733 740 748 189 764 774 782 197 790 791 789
354 358 364 374 383 391 399 408 415 420 428 435 442 448 455 463 471 478 487 495 503 509 516 523 530 536 543 551 559 566 575 583 591 597 604 611 618 624 632 639 646 652 659 668 675 682 690 699 707 713 721 728 734 739 746 755 763 771 781 789 795 797 797 796
362 366 373 383 392 400 408 416 423 428 435 442 449 456 464 472 480 487 496 503 511 517 523 530 537 544 552 560 568 575 583 591 598 605 612 619 626 632 639 647 654 660 667 676 684 691 699 707 715 721 728 735 741 747 755 763 772 780 790 797 803 805 805 804
369 374 381 391 401 408 416 424 430 435 442 449 457 464 472 480 489 496 503 511 518 524 530 537 545 552 560 568 577 584 591 598 606 612 620 627 634 639 646 654 661 668 676 685 693 700 707 715 722 728 735 742 749 755 763 772 781 789 798 805 810 812 812 811
94 381 389 399 102 415 423 430 109 441 448 456 116 471 480 488 124 503 510 517 131 530 537 544 138 559 568 576 146 591 598 605 153 618 626 633 160 646 653 661 167 675 683 692 175 707 714 721 182 734 741 749 189 763 771 779 197 796 805 811 204 818 818 817
382 387 395 405 414 421 429 435 441 446 454 462 471 478 487 494 502 509 515 522 529 535 543 550 559 566 574 582 590 597 604 611 617 623 631 638 645 652 659 667 674 682 690 698 706 713 719 726 733 739 747 755 763 770 778 785 794 802 811 816 821 823 823 822
391 395 403 413 421 428 435 442 448 453 461 470 479 486 494 502 509 515 522 529 536 542 551 558 567 574 582 590 597 604 611 618 624 630 638 645 652 659 666 675 683 690 698 706 713 719 726 733 740 746 754 763 771 778 785 793 801 808 817 823 828 830 830 829
399 404 411 420 428 435 442 449 456 461 470 479 487 494 502 509 516 522 529 536 544 550 559 567 575 582 590 597 604 611 618 625 632 638 645 653 660 666 674 683 691 698 706 713 720 726 733 740 748 754 763 772 779 786 793 800 808 815 824 831 836 838 837 837
102 412 419 428 109 443 450 457 116 470 479 488 124 503 510 517 131 530 537 544 138 559 568 576 146 591 598 605 153 618 626 633 160 646 653 661 167 675 683 692 175 707 714 721 182 734 741 748 189 763 772 781 197 794 801 808 204 823 832 839 211 846 846 845
416 420 426 435 443 450 458 465 472 478 487 496 504 511 517 524 531 537 545 552 560 567 576 584 592 599 605 612 619 625 633 640 647 654 661 669 676 683 691 700 708 715 721 728 735 741 749 756 764 771 780 789 796 801 808 815 823 830 840 847 852 854 855 853
425 428 435 444 452 460 467 475 482 488 497 505 513 519 526 533 540 546 554 562 570 577 586 593 601 607 614 621 628 634 642 649 656 663 670 679 686 693 701 709 717 723 730 737 744 750 758 766 774 781 790 798 805 810 817 824 832 839 849 857 862 864 865 863
431 435 441 450 459 467 475 483 490 496 505 512 519 526 532 539 547 554 562 570 578 585 593 600 607 614 621 628 635 641 648 656 663 670 678 687 694 701 709 716 723 730 736 743 751 758 766 774 782 789 798 805 811 816 823 831 839 847 857 865 870 872 873 871
109 440 446 455 116 472 480 489 124 502 510 517 131 530 537 544 138 559 568 576 146 591 598 605 153 618 626 633 160 646 653 661 167 675 683 692 175 707 714 721 182 734 741 748 189 763 772 780 197 795 803 810 204 821 828 836 211 852 862 870 219 878 879 877
438 442 448 457 466 474 482 491 498 504 512 519 526 531 539 546 554 561 570 578 586 593 600 607 614 619 628 635 642 648 655 663 670 677 685 694 702 709 716 723 730 735 742 750 758 765 774 782 790 797 805 812 818 822 830 838 846 854 864 872 878 880 881 879
438 442 448 457 466 474 482 492 499 505 512 519 526 532 539 546 554 561 571 579 587 594 600 607 614 620 628 635 642 648 655 663 670 677 685 695 703 710 716 723 730 736 743 750 758 765 775 783 791 798 805 812 818 823 830 838 846 854 864 873 879 881 882 880
437 441 447 456 465 473 481 490 497 503 511 518 525 531 538 545 553 560 569 577 585 592 599 606 613 619 627 634 641 647 654 662 669 676 684 693 701 708 715 722 729 735 742 749 757 764 773 781 789 796 804 811 817 822 829 837 845 853 863 871 877 879 880 878