107 111 6 37 32 242 248 116 2 228 18 26 182 174 59 191
71 2 189 145 75 172 37 179 90 38 164 184 155 227 185 99
115 138 5 179 171 210 230 195 107 193 35 169 116 96 22 208
252 204 157 48 125 157 243 147 128 168 48 155 232 130 156 255
249 236 44 51 43 101 52 183 163 161 191 93 119 207 82 107
41 111 185 66 26 247 204 164 3 60 162 179 29 213 250 16
175 252 157 183 202 192 230 106 76 42 29 163 138 98 6 114
240 82 125 79 77 129 95 242 173 192 139 114 194 71 59 44
228 216 239 48 137 213 239 186 223 94 145 21 166 225 28 108
181 30 246 105 163 84 248 190 249 181 164 148 153 142 228 147
182 156 22 241 46 115 166 156 197 73 68 203 199 128 145 167
18 102 6 225 208 202 135 134 67 70 225 137 254 247 151 217
213 99 80 186 254 218 3 14 213 7 221 34 176 45 198 2
196 251 84 35 171 11 60 93 239 186 253 28 34 24 178 211
77 6 155 218 48 114 234 153 215 94 166 238 30 161 123 186
198 129 226 32 151 177 253 135 92 32 118 238 135 131 215 103