131 12 177 225 134 241 221 191 3 150 34 119 88 158 125 41
134 136 94 30 26 65 54 50 166 186 58 9 69 38 28 204
26 14 126 101 239 125 60 2 38 28 187 227 46 160 54 8
223 107 162 220 39 11 75 12 222 33 164 230 70 110 118 201
158 126 182 235 24 26 75 192 240 141 147 42 117 129 250 208
56 177 106 198 26 184 201 202 214 183 211 11 246 197 240 113
132 90 97 170 135 8 74 192 39 223 183 213 73 225 144 136
67 163 178 155 123 219 48 63 130 174 125 228 46 109 88 104
117 246 170 195 106 71 95 187 182 173 160 239 148 40 159 122
29 47 227 138 143 49 10 24 215 10 148 233 140 93 213 239
18 94 42 109 98 27 217 197 93 41 189 75 66 162 62 53
145 232 88 35 110 194 124 42 24 55 253 160 103 97 95 16
5 22 50 51 18 141 74 0 222 201 111 101 225 148 203 204
144 104 221 162 136 0 66 42 165 64 96 136 20 78 144 60
207 52 185 69 109 208 225 68 7 78 243 110 208 161 52 54
212 105 151 46 233 102 154 243 111 143 225 78 233 169 230 56