109 338 203 133 42 289 508 693 189 715 549 394 91 430 615 777 197 674 432 181 17 90 255 514 181 867 913 839 182 585 457 384 88 393 483 624 194 898 980 961 217 717 553 430 94 423 538 738 239 1132 1248 1196 253 723 369 106 1 79 326 644 222 1032 1046 959
484 424 343 304 328 407 550 670 714 692 587 494 487 538 663 746 705 566 326 109 30 79 260 501 671 760 744 645 554 475 451 480 508 563 619 693 787 869 945 949 881 762 617 511 483 544 668 840 992 1083 1100 990 810 582 338 187 150 236 434 670 852 956 967 906
539 536 537 544 557 576 612 638 650 653 631 627 658 693 742 721 610 435 193 20 -14 74 282 501 612 619 508 364 300 314 444 623 736 804 801 769 779 806 881 930 901 829 709 620 623 701 838 974 1039 1015 897 707 533 388 297 298 348 448 579 701 796 845 852 827
638 664 707 724 705 660 599 554 553 594 662 746 813 834 811 696 527 327 101 -22 -14 101 318 505 567 513 339 175 140 228 470 751 917 983 925 806 746 731 807 895 910 888 800 732 759 840 974 1066 1049 929 707 469 321 266 318 449 562 653 696 692 694 685 686 697
191 774 792 769 175 605 492 426 110 526 663 807 225 913 848 683 122 288 93 13 11 164 364 518 139 488 312 165 38 266 531 820 245 1024 934 779 173 664 743 856 226 919 863 813 211 911 1024 1077 253 852 598 368 66 279 417 606 183 785 742 635 140 507 504 541
880 842 790 694 572 445 324 280 327 453 631 804 914 931 861 695 509 327 169 116 149 255 422 549 587 540 406 297 297 395 613 837 943 946 835 681 600 587 678 809 884 924 892 849 864 901 978 1004 930 787 571 397 346 403 564 740 831 827 711 538 414 336 330 380
999 882 717 519 340 202 114 133 229 388 577 744 856 884 838 717 571 429 317 279 295 365 479 581 643 659 619 579 587 630 726 804 805 746 629 516 474 499 604 740 835 890 884 847 830 818 840 841 790 714 606 538 554 629 755 851 864 787 617 415 272 189 180 229
999 828 584 328 133 15 -13 69 195 353 509 641 748 803 822 782 695 590 495 439 424 461 545 647 739 807 830 826 825 810 800 755 662 547 414 329 326 395 529 681 792 848 844 787 725 669 649 655 659 680 699 732 787 836 870 849 775 649 479 314 200 139 131 164
218 705 466 230 17 -11 8 113 57 352 452 545 163 744 839 880 210 749 631 531 122 513 610 738 211 917 925 893 218 836 807 738 153 461 287 181 46 280 455 646 194 826 799 701 150 518 488 525 147 684 789 869 230 917 857 742 154 485 362 273 54 191 185 195
656 547 388 242 154 125 172 259 328 389 420 474 579 706 871 976 965 869 701 545 482 513 654 823 927 967 901 800 756 735 763 754 648 483 253 84 61 160 374 615 764 809 751 608 480 390 370 447 555 694 836 915 931 865 725 554 417 323 286 299 317 335 333 318
357 359 358 369 391 415 463 488 478 459 420 444 550 707 926 1064 1057 933 691 476 407 469 688 909 991 952 746 530 463 498 669 816 793 642 341 64 -25 45 290 587 759 807 718 534 397 318 324 436 564 699 816 841 793 664 472 295 195 181 259 388 490 553 557 517
149 261 416 578 696 759 786 737 653 565 476 478 568 719 934 1054 1029 878 588 348 289 380 654 903 957 852 544 255 186 285 588 879 943 820 479 116 -41 -20 216 534 717 780 690 505 387 328 349 461 562 648 700 657 557 403 216 88 60 135 313 526 684 775 785 731
30 286 520 756 230 1000 1010 921 200 678 564 541 149 707 869 943 224 740 457 234 47 285 557 796 210 728 423 151 26 235 573 900 249 893 565 190 0 -22 165 451 157 711 660 519 109 389 394 460 127 536 537 466 89 218 70 2 9 171 404 655 209 936 948 891
245 410 645 878 1037 1112 1110 1015 899 783 675 632 639 679 744 745 673 531 306 140 115 200 421 617 664 594 383 204 197 328 614 884 965 880 614 293 102 40 140 346 502 613 638 585 551 508 464 441 409 370 333 271 190 107 29 26 111 275 516 757 925 1014 1026 977
528 624 766 909 1011 1067 1073 1026 967 897 819 748 685 621 550 460 368 269 157 92 92 143 256 371 435 463 446 443 495 586 719 820 827 746 592 397 249 162 150 233 352 492 620 689 710 660 541 398 273 175 127 115 101 100 106 158 269 423 624 812 935 997 1007 974
792 790 798 813 837 870 899 926 949 948 916 832 716 567 383 223 120 65 65 95 119 140 153 196 284 409 579 736 826 855 813 732 661 594 565 517 427 328 207 162 237 397 620 804 872 809 613 357 154 17 -20 34 91 164 230 306 415 534 675 800 872 906 912 895
223 824 741 670 160 657 705 789 219 935 950 876 186 555 314 115 0 -35 22 108 39 175 150 162 65 424 673 891 246 972 838 675 146 548 611 655 150 486 290 159 50 367 649 905 251 937 693 365 28 -54 -90 -4 22 198 293 375 119 569 669 752 198 808 812 805
835 728 591 473 418 436 511 645 781 885 936 881 757 567 323 122 2 -31 37 140 209 248 237 253 349 499 730 921 984 948 795 636 570 575 692 778 742 622 397 229 244 400 691 966 1075 1012 759 414 151 -22 -61 24 111 213 294 357 440 514 595 664 694 706 709 704
602 497 365 257 215 251 353 513 671 795 866 840 755 608 423 256 135 79 95 169 253 339 407 472 552 629 728 789 784 743 657 606 622 684 814 885 845 724 514 357 355 480 727 965 1064 1015 795 490 256 93 39 84 126 179 213 245 311 383 473 558 604 626 629 619
337 253 155 90 87 157 295 475 636 759 822 807 750 647 531 411 298 221 177 208 303 434 583 695 745 726 660 571 503 478 503 592 698 802 903 924 877 775 634 535 525 600 751 901 972 950 812 609 443 305 223 191 156 132 104 104 155 235 345 455 526 562 567 549
54 133 38 -12 3 117 299 513 172 807 852 817 188 656 569 479 95 308 249 267 92 514 689 805 206 747 592 430 84 327 416 576 179 826 890 881 212 790 734 701 172 710 759 813 213 859 813 725 159 532 426 322 55 133 60 38 18 147 255 365 111 485 490 469
227 133 24 -28 12 146 368 615 802 913 930 855 757 640 547 469 388 336 294 319 422 558 713 803 794 693 515 346 256 259 371 541 671 761 788 769 766 765 799 828 813 782 729 690 698 734 783 812 798 727 597 431 281 157 70 50 76 140 225 309 375 409 413 397
388 264 116 36 73 226 483 765 968 1070 1054 920 763 592 454 367 307 299 317 378 476 572 652 674 642 559 442 346 297 306 388 493 568 615 616 619 663 728 840 910 889 808 667 555 541 608 750 886 935 887 730 512 340 213 155 168 195 236 268 285 309 319 320 318
617 467 281 163 177 318 570 854 1057 1149 1115 949 756 551 374 274 228 250 317 404 488 539 542 508 475 439 416 409 398 391 399 403 404 410 411 458 551 667 818 895 863 749 559 410 381 462 654 845 925 893 729 508 362 281 291 359 397 411 376 311 277 252 251 268
187 604 421 295 72 396 604 845 254 1091 1054 901 182 544 384 292 62 263 319 388 112 478 463 430 104 410 424 439 106 388 345 293 64 247 255 329 112 584 741 810 192 638 428 264 56 299 498 700 197 767 617 428 83 314 398 520 144 574 492 368 72 237 233 266
779 666 520 410 384 442 573 734 849 903 878 780 675 563 469 407 359 339 337 352 381 409 424 436 454 462 465 444 393 321 246 181 143 145 174 262 384 508 633 673 619 489 292 141 97 153 323 494 564 546 424 293 265 323 483 657 734 722 608 440 324 252 246 291
692 637 562 494 456 449 478 526 565 594 596 594 606 617 640 632 578 497 392 320 315 367 463 563 620 616 544 416 289 173 94 68 72 116 177 264 367 453 519 515 446 326 163 39 -9 12 117 223 264 253 182 138 191 322 541 746 837 823 699 519 387 305 299 348
491 511 532 533 505 451 387 323 280 276 300 392 525 669 827 889 839 702 489 325 287 365 551 739 820 779 600 346 150 17 -18 44 119 214 293 351 411 440 443 403 324 223 100 13 -27 -27 25 72 80 64 22 32 131 301 547 764 867 860 747 577 446 366 360 409
76 386 488 555 138 480 364 227 31 87 112 254 114 683 930 1048 254 861 595 378 79 397 622 845 231 851 607 289 18 -43 -22 119 63 380 462 483 124 471 424 359 69 195 111 62 12 54 88 101 20 41 -11 3 26 280 531 755 217 872 770 609 121 406 400 448
141 269 433 561 596 537 410 240 102 34 42 189 408 667 955 1112 1113 978 715 488 415 481 695 901 951 848 573 247 50 -20 66 270 445 587 656 638 609 544 471 399 317 251 190 169 185 215 262 272 239 177 93 70 133 275 496 705 819 835 753 613 506 437 432 475
31 189 397 578 661 642 542 374 221 121 94 201 383 621 898 1076 1121 1043 838 643 565 591 739 873 873 752 498 230 102 102 249 487 674 805 842 788 729 648 583 526 450 389 327 314 363 441 544 596 572 483 337 227 208 279 446 632 742 775 716 601 516 461 457 494
43 198 408 606 723 750 698 569 432 321 263 305 410 574 783 944 1028 1027 931 814 753 735 782 811 756 636 449 286 237 291 450 661 822 923 939 882 826 757 718 679 611 549 478 459 518 621 758 847 848 763 599 435 346 336 417 542 628 670 650 587 546 516 514 536
32 261 445 628 188 806 794 710 152 509 444 440 119 562 687 810 228 974 982 953 231 885 853 797 176 594 472 393 97 450 574 723 211 924 948 925 224 854 831 796 183 666 594 565 151 687 801 889 229 872 759 616 126 431 413 447 122 534 568 585 151 611 612 611
282 380 520 664 769 827 834 788 726 657 609 583 568 582 620 689 785 887 983 1036 1044 1001 913 799 694 609 556 542 549 577 619 671 736 799 854 895 919 918 908 867 803 731 660 616 611 641 689 749 802 823 810 744 650 539 426 360 349 396 492 603 690 739 743 715
464 526 619 709 770 800 791 760 734 711 712 708 681 652 619 625 694 804 954 1071 1115 1086 975 841 753 703 710 727 704 652 565 494 494 550 665 799 895 943 933 870 804 728 673 616 547 488 418 409 478 584 725 801 773 652 454 280 214 260 430 653 816 912 921 861
608 650 711 757 771 754 704 659 649 665 719 764 762 730 666 624 649 727 869 999 1056 1050 959 855 812 805 850 865 794 659 460 292 237 290 453 664 822 915 909 834 767 689 643 576 455 325 163 97 170 332 579 762 793 685 449 221 131 184 408 707 919 1046 1058 978
170 718 773 800 196 732 644 574 140 592 677 761 198 778 713 646 158 663 761 862 227 914 852 794 200 833 904 916 205 640 385 166 19 116 289 532 182 859 883 822 190 674 612 527 97 246 79 14 22 252 500 684 180 620 397 186 28 183 425 739 240 1091 1104 1022
648 705 785 824 798 718 590 479 439 467 566 691 772 805 778 714 669 640 658 690 699 705 682 683 738 804 882 881 777 587 331 111 8 31 182 415 621 776 843 816 765 674 585 486 363 258 154 131 197 314 473 570 566 470 300 165 142 239 472 752 949 1063 1075 1006
528 623 751 830 820 728 570 412 329 330 417 567 698 794 831 794 733 643 558 492 443 436 452 516 612 702 772 761 676 522 328 159 63 62 153 329 511 673 796 827 797 709 588 480 409 391 414 473 526 549 534 459 364 259 166 147 200 326 522 724 869 947 957 913
342 477 660 788 802 712 536 341 220 194 271 444 623 782 891 894 831 699 530 376 272 243 281 383 496 589 636 613 553 450 335 234 159 138 167 273 416 570 736 820 817 743 609 510 500 571 715 845 877 802 615 371 187 71 50 139 261 413 569 691 782 824 833 813
41 330 553 715 186 648 454 231 22 56 145 358 147 806 975 1013 239 800 580 372 58 187 234 352 116 545 560 510 113 371 298 240 46 159 160 226 85 478 653 762 195 731 616 543 143 683 871 1014 255 889 620 305 22 -22 0 146 76 467 601 682 186 767 774 768
31 208 447 621 653 554 352 123 -20 -42 71 320 585 839 1043 1105 1060 907 679 459 309 255 296 402 495 550 531 453 383 303 241 200 159 140 140 192 284 399 553 662 700 688 625 594 638 739 892 993 971 831 576 289 93 -3 20 156 307 462 591 672 731 754 760 755
-13 145 357 505 520 412 215 8 -104 -89 67 349 631 890 1093 1157 1125 997 809 627 497 446 467 535 592 612 561 454 355 250 157 101 65 62 94 162 245 335 439 523 580 618 639 661 691 723 753 748 697 599 462 313 198 129 111 170 271 403 551 679 767 810 818 797
53 171 328 428 419 315 143 -19 -90 -45 129 402 660 886 1059 1113 1093 1003 876 755 668 635 645 677 700 685 607 476 350 219 93 19 -14 1 65 149 219 278 318 370 446 537 654 730 729 667 537 405 332 307 343 385 379 338 253 192 209 294 456 639 763 832 840 800
43 250 353 413 99 312 183 68 6 69 212 427 157 803 941 990 246 929 849 776 182 717 732 749 187 707 608 466 84 211 95 34 4 37 104 170 52 229 220 254 88 490 682 800 195 651 408 189 26 137 302 484 139 529 383 215 38 182 331 537 169 759 767 715
354 387 428 446 426 373 300 238 214 238 315 435 552 658 753 795 798 770 722 684 673 690 727 749 737 679 565 424 311 220 150 130 133 151 193 213 204 185 144 178 299 475 718 863 834 667 359 90 -1 70 314 581 700 678 487 241 112 87 204 402 537 622 628 572
562 554 540 526 516 507 501 489 471 447 418 406 418 448 503 544 554 541 499 473 490 536 616 668 657 589 458 325 252 231 258 318 353 355 333 262 182 116 63 119 269 479 752 913 898 735 428 156 62 132 380 653 776 752 550 275 108 35 95 242 343 411 414 367
764 713 641 591 586 614 671 710 702 642 523 395 313 270 282 315 322 314 270 249 288 359 479 560 553 479 338 220 196 251 383 527 596 581 493 334 193 94 50 138 305 528 794 951 959 831 576 340 242 278 461 668 760 732 556 311 151 60 69 153 212 256 256 225
235 841 703 601 145 626 727 819 211 788 637 445 75 195 154 160 39 156 130 135 50 289 421 502 122 408 268 171 45 283 474 664 188 731 610 411 61 135 104 209 95 598 841 982 250 897 684 476 93 375 495 642 176 677 534 337 52 131 128 184 56 254 254 232
1049 906 711 558 511 559 686 825 894 871 737 532 357 208 116 88 69 79 83 125 215 313 434 493 461 371 233 154 183 309 525 732 829 808 679 473 304 199 182 294 458 661 874 997 1022 942 767 581 466 427 478 561 595 576 482 358 286 251 266 319 355 379 380 363
1090 907 659 455 374 411 551 734 863 904 834 663 487 308 165 93 59 83 137 234 354 455 544 555 493 385 252 184 211 329 525 715 811 803 700 528 385 297 287 390 536 716 899 1004 1029 958 799 618 485 409 405 444 462 460 420 375 375 403 467 545 596 623 627 610
1018 828 572 355 260 288 424 625 792 886 885 768 613 429 258 158 117 159 258 402 543 641 695 656 564 437 300 230 238 327 479 632 718 723 654 525 411 338 326 411 540 703 873 977 1005 940 785 596 443 337 297 312 327 349 360 386 453 542 660 773 844 878 884 865
218 711 498 319 61 275 399 586 187 851 877 793 165 491 325 224 47 238 353 509 163 746 783 724 154 476 328 245 59 303 427 556 158 636 576 459 88 280 264 341 116 627 799 917 241 919 783 597 107 290 210 196 51 245 303 392 128 643 788 910 246 1017 1025 1008
673 570 438 338 313 362 475 624 748 819 829 750 631 487 351 272 250 303 410 552 686 778 820 769 661 515 350 243 214 261 366 481 548 544 478 353 237 155 130 204 329 503 692 836 910 890 777 597 418 258 149 114 118 173 265 392 540 686 830 939 1003 1029 1037 1025
448 426 407 421 474 562 670 766 819 815 756 643 520 401 314 277 278 327 400 503 621 717 791 780 692 548 363 224 175 210 311 426 487 470 380 224 85 -16 -52 24 159 350 564 740 850 862 783 621 440 264 130 74 71 134 245 390 540 671 782 850 886 896 901 900
260 314 398 519 652 781 894 942 923 835 690 524 385 286 246 251 269 306 332 386 486 593 716 767 717 591 395 226 153 169 262 378 435 414 312 143 -5 -113 -152 -76 58 254 475 668 801 841 798 662 492 316 169 95 81 138 247 381 507 601 659 674 677 669 671 681
35 237 382 567 187 905 1024 1047 247 852 655 456 77 220 209 237 65 281 271 290 95 502 665 770 190 657 463 271 42 149 211 310 91 355 278 138 4 -77 -112 -47 18 249 456 644 194 825 799 683 133 370 227 149 32 171 261 367 115 518 534 515 124 478 478 493
97 203 363 566 764 936 1067 1092 1026 877 659 443 287 198 193 222 235 238 203 204 294 434 630 780 812 738 560 355 218 152 164 233 284 304 284 214 151 96 74 120 206 341 507 663 773 817 799 703 577 438 307 227 197 219 279 349 406 432 418 378 348 326 325 341
117 201 331 506 689 860 1006 1058 1023 902 704 496 340 239 216 222 210 192 147 150 250 411 628 810 881 842 696 488 310 178 115 135 181 249 322 369 403 414 415 430 465 530 624 723 789 815 798 722 626 515 399 315 272 268 293 329 356 360 335 294 266 246 244 259
181 222 295 415 561 719 876 970 985 918 768 586 436 320 266 236 193 158 116 135 250 429 651 847 948 938 828 625 411 217 76 42 84 202 375 547 685 765 792 776 757 747 765 800 815 817 795 734 665 579 477 390 335 307 301 310 318 315 295 269 252 241 239 248
62 254 279 352 117 616 784 910 241 936 819 653 126 373 293 237 43 126 88 121 62 439 665 868 247 998 912 715 120 247 58 -8 8 184 423 678 221 1011 1056 1019 241 905 870 860 210 823 795 743 173 625 535 447 96 339 310 299 73 284 268 252 61 238 237 242
293 276 269 312 408 549 723 869 948 946 851 695 547 407 310 237 159 108 75 118 253 450 676 880 1008 1027 955 763 518 265 50 -33 6 176 452 752 996 1149 1203 1155 1081 994 930 895 855 827 795 747 705 647 563 474 407 354 313 293 280 272 261 253 251 248 248 250
294 276 268 309 404 544 719 867 948 947 853 698 550 409 311 237 158 105 72 115 251 449 676 881 1011 1033 962 770 523 266 48 -38 1 174 454 761 1009 1166 1222 1172 1095 1005 937 898 856 827 795 748 708 651 568 479 411 356 314 292 278 268 256 248 247 245 244 246
266 262 274 334 442 588 759 894 958 941 832 670 521 386 300 236 165 115 77 113 244 438 666 873 1000 1016 937 742 500 255 51 -25 15 177 436 716 943 1084 1134 1091 1025 951 901 877 846 824 794 745 700 639 553 466 401 350 313 295 282 271 255 241 235 231 230 234