Chronologic VCS simulator copyright 1991-2015
Contains Synopsys proprietary information.
Compiler version K-2015.09_Full64; Runtime version K-2015.09_Full64;  Dec  5 02:03 2018
  0
    1
    3
    5
    1
    2
    4
    6
    3
    4
    6
    8
    5
    6
    8
   11
  8
   10
   12
   15
    9
   11
   13
   16
   11
   13
   15
   18
   14
   16
   18
   20
 17
   18
   20
   23
   18
   19
   21
   24
   20
   21
   23
   26
   22
   23
   26
   28
 25
   27
   29
   31
   26
   28
   30
   32
   28
   30
   32
   34
   31
   32
   35
   37
 34
   35
   38
   40
   35
   36
   39
   41
   37
   38
   41
   43
   39
   41
   43
   45
 42
   44
   46
   48
   43
   45
   47
   49
   45
   47
   49
   51
   48
   49
   52
   54
 51
   52
   55
   57
   52
   53
   56
   58
   54
   55
   58
   60
   56
   58
   60
   62
 59
   61
   63
   65
   60
   62
   64
   66
   62
   64
   66
   68
   65
   66
   69
   71
 68
   69
   72
   74
   69
   70
   73
   75
   71
   72
   75
   77
   73
   75
   77
   79
 76
   78
   80
   82
   77
   79
   81
   83
   79
   81
   83
   85
   82
   83
   86
   88
 85
   86
   89
   91
   86
   87
   90
   92
   88
   89
   92
   94
   90
   92
   94
   96
 93
   95
   97
   99
   94
   96
   98
  100
   96
   98
  100
  102
   99
  100
  103
  105
102
  103
  106
  108
  103
  104
  107
  109
  105
  106
  109
  111
  107
  109
  111
  114
110
  111
  114
  116
  111
  112
  115
  117
  113
  114
  117
  119
  116
  117
  119
  121
119
  121
  123
  125
  120
  122
  124
  126
  122
  124
  126
  128
  124
  126
  129
  131
127
  127
  127
  127
  128
  128
  128
  128
  130
  130
  130
  130
  133
  133
  133
  133
  8
    9
   11
   14
   10
   11
   13
   16
   12
   13
   15
   18
   15
   16
   18
   20
 17
   19
   21
   23
   19
   21
   23
   25
   21
   23
   25
   27
   23
   25
   27
   30
 25
   26
   29
   31
   27
   28
   31
   33
   29
   30
   33
   35
   32
   33
   35
   38
 34
   35
   38
   40
   36
   37
   40
   42
   38
   39
   42
   44
   40
   42
   44
   46
 42
   44
   46
   48
   44
   46
   48
   50
   46
   48
   50
   52
   49
   50
   53
   55
 51
   52
   55
   57
   53
   54
   57
   59
   55
   56
   59
   61
   57
   59
   61
   63
 59
   61
   63
   65
   61
   63
   65
   67
   63
   65
   67
   69
   66
   67
   70
   72
 68
   69
   72
   74
   70
   71
   74
   76
   72
   73
   76
   78
   74
   76
   78
   80
 76
   78
   80
   82
   78
   80
   82
   84
   80
   82
   84
   86
   83
   84
   87
   89
 85
   86
   89
   91
   87
   88
   91
   93
   89
   90
   93
   95
   91
   93
   95
   97
 93
   95
   97
   99
   95
   97
   99
  101
   97
   99
  101
  103
  100
  101
  104
  106
102
  103
  106
  108
  104
  105
  108
  110
  106
  107
  110
  112
  108
  110
  112
  114
110
  112
  114
  117
  112
  114
  116
  119
  114
  116
  118
  121
  117
  118
  121
  123
119
  120
  122
  124
  121
  122
  124
  126
  123
  124
  126
  128
  125
  126
  129
  131
127
  129
  132
  134
  129
  131
  134
  136
  131
  133
  136
  138
  134
  136
  138
  140
136
  136
  136
  136
  138
  138
  138
  138
  140
  140
  140
  140
  142
  142
  142
  142
 17
   18
   20
   22
   18
   19
   21
   23
   20
   21
   23
   26
   23
   24
   26
   28
 25
   27
   29
   32
   26
   28
   30
   33
   29
   31
   33
   35
   31
   33
   35
   38
 34
   35
   37
   40
   35
   36
   38
   41
   37
   38
   41
   43
   40
   41
   43
   46
 42
   44
   46
   48
   43
   45
   47
   49
   46
   47
   50
   52
   48
   50
   52
   54
 51
   52
   55
   57
   52
   53
   56
   58
   54
   56
   58
   60
   57
   58
   61
   63
 59
   61
   63
   65
   60
   62
   64
   66
   63
   64
   67
   69
   65
   67
   69
   71
 68
   69
   72
   74
   69
   70
   73
   75
   71
   73
   75
   77
   74
   75
   78
   80
 76
   78
   80
   82
   77
   79
   81
   83
   80
   81
   84
   86
   82
   84
   86
   88
 85
   86
   89
   91
   86
   87
   90
   92
   88
   90
   92
   94
   91
   92
   95
   97
 93
   95
   97
   99
   94
   96
   98
  100
   97
   98
  101
  103
   99
  101
  103
  105
102
  103
  106
  108
  103
  104
  107
  109
  105
  107
  109
  111
  108
  109
  112
  114
110
  112
  114
  116
  111
  113
  115
  117
  114
  115
  118
  120
  116
  118
  120
  122
119
  120
  123
  125
  120
  121
  124
  126
  122
  124
  126
  129
  125
  126
  129
  131
127
  128
  131
  133
  128
  129
  132
  134
  131
  132
  134
  136
  133
  134
  137
  139
136
  138
  140
  142
  137
  139
  141
  143
  139
  141
  144
  146
  142
  144
  146
  148
144
  144
  144
  144
  145
  145
  145
  145
  148
  148
  148
  148
  150
  150
  150
  150
 25
   26
   28
   31
   27
   28
   30
   32
   29
   30
   32
   35
   31
   32
   34
   37
 34
   36
   38
   40
   35
   37
   39
   42
   38
   40
   42
   44
   40
   42
   44
   46
 42
   43
   46
   48
   44
   45
   47
   50
   46
   47
   50
   52
   48
   49
   52
   54
 51
   52
   55
   57
   52
   54
   56
   58
   55
   56
   59
   61
   57
   58
   61
   63
 59
   61
   63
   65
   61
   62
   65
   67
   63
   65
   67
   69
   65
   67
   69
   71
 68
   69
   72
   74
   69
   71
   73
   75
   72
   73
   76
   78
   74
   75
   78
   80
 76
   78
   80
   82
   78
   79
   82
   84
   80
   82
   84
   86
   82
   84
   86
   88
 85
   86
   89
   91
   86
   88
   90
   92
   89
   90
   93
   95
   91
   92
   95
   97
 93
   95
   97
   99
   95
   96
   99
  101
   97
   99
  101
  103
   99
  101
  103
  105
102
  103
  106
  108
  103
  105
  107
  109
  106
  107
  110
  112
  108
  109
  112
  114
110
  112
  114
  116
  112
  113
  116
  118
  114
  116
  118
  120
  116
  118
  120
  122
119
  120
  123
  125
  120
  122
  124
  126
  123
  124
  127
  129
  125
  126
  129
  131
127
  129
  131
  134
  129
  130
  133
  135
  131
  133
  135
  138
  133
  135
  137
  140
136
  137
  139
  141
  137
  138
  141
  143
  140
  141
  143
  145
  142
  143
  145
  147
144
  146
  149
  151
  146
  148
  150
  152
  148
  150
  153
  155
  150
  152
  155
  157
153
  153
  153
  153
  154
  154
  154
  154
  157
  157
  157
  157
  159
  159
  159
  159
 34
   35
   37
   39
   35
   36
   38
   41
   38
   39
   41
   43
   40
   41
   43
   45
 42
   44
   46
   49
   44
   46
   48
   50
   46
   48
   50
   53
   48
   50
   52
   55
 51
   52
   54
   57
   52
   53
   56
   58
   55
   56
   58
   61
   57
   58
   60
   63
 59
   61
   63
   65
   61
   62
   65
   67
   63
   65
   67
   69
   65
   67
   69
   71
 68
   69
   72
   74
   69
   71
   73
   75
   72
   73
   76
   78
   74
   75
   78
   80
 76
   78
   80
   82
   78
   79
   82
   84
   80
   82
   84
   86
   82
   84
   86
   88
 85
   86
   89
   91
   86
   88
   90
   92
   89
   90
   93
   95
   91
   92
   95
   97
 93
   95
   97
   99
   95
   96
   99
  101
   97
   99
  101
  103
   99
  101
  103
  105
102
  103
  106
  108
  103
  105
  107
  109
  106
  107
  110
  112
  108
  109
  112
  114
110
  112
  114
  116
  112
  113
  116
  118
  114
  116
  118
  120
  116
  118
  120
  122
119
  120
  123
  125
  120
  122
  124
  126
  123
  124
  127
  129
  125
  126
  129
  131
127
  129
  131
  133
  129
  130
  133
  135
  131
  133
  135
  137
  133
  135
  137
  139
136
  137
  140
  142
  137
  139
  141
  144
  140
  141
  144
  146
  142
  143
  146
  148
144
  145
  148
  150
  146
  147
  149
  151
  148
  149
  152
  154
  150
  151
  154
  156
153
  155
  157
  159
  154
  156
  159
  161
  157
  159
  161
  163
  159
  161
  163
  165
161
  161
  161
  161
  163
  163
  163
  163
  165
  165
  165
  165
  167
  167
  167
  167
 42
   43
   45
   48
   44
   45
   47
   49
   46
   47
   49
   52
   48
   49
   51
   54
 51
   53
   55
   57
   52
   54
   56
   59
   55
   57
   59
   61
   57
   59
   61
   63
 59
   60
   63
   65
   61
   62
   64
   67
   63
   64
   67
   69
   65
   66
   69
   71
 68
   69
   72
   74
   69
   71
   73
   75
   72
   73
   76
   78
   74
   75
   78
   80
 76
   78
   80
   82
   78
   79
   82
   84
   80
   82
   84
   86
   82
   84
   86
   88
 85
   86
   89
   91
   86
   88
   90
   92
   89
   90
   93
   95
   91
   92
   95
   97
 93
   95
   97
   99
   95
   96
   99
  101
   97
   99
  101
  103
   99
  101
  103
  105
102
  103
  106
  108
  103
  105
  107
  109
  106
  107
  110
  112
  108
  109
  112
  114
110
  112
  114
  116
  112
  113
  116
  118
  114
  116
  118
  120
  116
  118
  120
  122
119
  120
  123
  125
  120
  122
  124
  126
  123
  124
  127
  129
  125
  126
  129
  131
127
  129
  131
  133
  129
  130
  133
  135
  131
  133
  135
  137
  133
  135
  137
  139
136
  137
  140
  142
  137
  139
  141
  143
  140
  141
  144
  146
  142
  143
  146
  148
144
  146
  148
  151
  146
  147
  150
  152
  148
  150
  152
  155
  150
  152
  154
  157
153
  154
  156
  158
  154
  155
  158
  160
  157
  158
  160
  162
  159
  160
  162
  164
161
  163
  166
  168
  163
  165
  167
  169
  165
  167
  170
  172
  167
  169
  172
  174
170
  170
  170
  170
  171
  171
  171
  171
  174
  174
  174
  174
  176
  176
  176
  176
 51
   52
   54
   56
   52
   53
   55
   58
   55
   56
   58
   60
   57
   58
   60
   62
 59
   61
   63
   66
   61
   63
   65
   67
   63
   65
   67
   70
   65
   67
   69
   72
 68
   69
   71
   74
   69
   70
   73
   75
   72
   73
   75
   78
   74
   75
   77
   80
 76
   78
   80
   82
   78
   79
   82
   84
   80
   82
   84
   86
   82
   84
   86
   88
 85
   86
   89
   91
   86
   88
   90
   92
   89
   90
   93
   95
   91
   92
   95
   97
 93
   95
   97
   99
   95
   96
   99
  101
   97
   99
  101
  103
   99
  101
  103
  105
102
  103
  106
  108
  103
  105
  107
  109
  106
  107
  110
  112
  108
  109
  112
  114
110
  112
  114
  116
  112
  113
  116
  118
  114
  116
  118
  120
  116
  118
  120
  122
119
  120
  123
  125
  120
  122
  124
  126
  123
  124
  127
  129
  125
  126
  129
  131
127
  129
  131
  133
  129
  130
  133
  135
  131
  133
  135
  137
  133
  135
  137
  139
136
  137
  140
  142
  137
  139
  141
  143
  140
  141
  144
  146
  142
  143
  146
  148
144
  146
  148
  150
  146
  147
  150
  152
  148
  150
  152
  154
  150
  152
  154
  156
153
  154
  157
  159
  154
  156
  158
  161
  157
  158
  161
  163
  159
  160
  163
  165
161
  162
  165
  167
  163
  164
  166
  168
  165
  166
  169
  171
  167
  168
  171
  173
170
  172
  174
  176
  171
  173
  176
  178
  174
  176
  178
  180
  176
  178
  180
  182
178
  178
  178
  178
  180
  180
  180
  180
  182
  182
  182
  182
  184
  184
  184
  184
 59
   60
   62
   65
   61
   62
   64
   66
   63
   64
   66
   69
   65
   66
   68
   71
 68
   70
   72
   74
   69
   71
   73
   76
   72
   74
   76
   78
   74
   76
   78
   80
 76
   77
   80
   82
   78
   79
   81
   84
   80
   81
   84
   86
   82
   83
   86
   88
 85
   86
   89
   91
   86
   88
   90
   92
   89
   90
   93
   95
   91
   92
   95
   97
 93
   95
   97
   99
   95
   96
   99
  101
   97
   99
  101
  103
   99
  101
  103
  105
102
  103
  106
  108
  103
  105
  107
  109
  106
  107
  110
  112
  108
  109
  112
  114
110
  112
  114
  116
  112
  113
  116
  118
  114
  116
  118
  120
  116
  118
  120
  122
119
  120
  123
  125
  120
  122
  124
  126
  123
  124
  127
  129
  125
  126
  129
  131
127
  129
  131
  133
  129
  130
  133
  135
  131
  133
  135
  137
  133
  135
  137
  139
136
  137
  140
  142
  137
  139
  141
  143
  140
  141
  144
  146
  142
  143
  146
  148
144
  146
  148
  150
  146
  147
  150
  152
  148
  150
  152
  154
  150
  152
  154
  156
153
  154
  157
  159
  154
  156
  158
  160
  157
  158
  161
  163
  159
  160
  163
  165
161
  163
  165
  168
  163
  164
  167
  169
  165
  167
  169
  172
  167
  169
  171
  174
170
  171
  173
  175
  171
  172
  175
  177
  174
  175
  177
  179
  176
  177
  179
  181
178
  180
  183
  185
  180
  182
  184
  186
  182
  184
  187
  189
  184
  186
  189
  191
187
  187
  187
  187
  188
  188
  188
  188
  191
  191
  191
  191
  193
  193
  193
  193
 68
   69
   71
   73
   69
   70
   72
   75
   72
   73
   75
   77
   74
   75
   77
   79
 76
   78
   80
   83
   78
   80
   82
   84
   80
   82
   84
   87
   82
   84
   86
   89
 85
   86
   88
   91
   86
   87
   90
   92
   89
   90
   92
   95
   91
   92
   94
   97
 93
   95
   97
   99
   95
   96
   99
  101
   97
   99
  101
  103
   99
  101
  103
  105
102
  103
  106
  108
  103
  105
  107
  109
  106
  107
  110
  112
  108
  109
  112
  114
110
  112
  114
  116
  112
  113
  116
  118
  114
  116
  118
  120
  116
  118
  120
  122
119
  120
  123
  125
  120
  122
  124
  126
  123
  124
  127
  129
  125
  126
  129
  131
127
  129
  131
  133
  129
  130
  133
  135
  131
  133
  135
  137
  133
  135
  137
  139
136
  137
  140
  142
  137
  139
  141
  143
  140
  141
  144
  146
  142
  143
  146
  148
144
  146
  148
  150
  146
  147
  150
  152
  148
  150
  152
  154
  150
  152
  154
  156
153
  154
  157
  159
  154
  156
  158
  160
  157
  158
  161
  163
  159
  160
  163
  165
161
  163
  165
  167
  163
  164
  167
  169
  165
  167
  169
  171
  167
  169
  171
  173
170
  171
  174
  176
  171
  173
  175
  178
  174
  175
  178
  180
  176
  177
  180
  182
178
  179
  182
  184
  180
  181
  183
  185
  182
  183
  186
  188
  184
  185
  188
  190
187
  189
  191
  193
  188
  190
  193
  195
  191
  193
  195
  197
  193
  195
  197
  199
195
  195
  195
  195
  197
  197
  197
  197
  199
  199
  199
  199
  201
  201
  201
  201
 76
   77
   79
   82
   78
   79
   81
   83
   80
   81
   83
   86
   82
   83
   85
   88
 85
   87
   89
   91
   86
   88
   90
   93
   89
   91
   93
   95
   91
   93
   95
   97
 93
   94
   97
   99
   95
   96
   98
  101
   97
   98
  101
  103
   99
  100
  103
  105
102
  103
  106
  108
  103
  105
  107
  109
  106
  107
  110
  112
  108
  109
  112
  114
110
  112
  114
  116
  112
  113
  116
  118
  114
  116
  118
  120
  116
  118
  120
  122
119
  120
  123
  125
  120
  122
  124
  126
  123
  124
  127
  129
  125
  126
  129
  131
127
  129
  131
  133
  129
  130
  133
  135
  131
  133
  135
  137
  133
  135
  137
  139
136
  137
  140
  142
  137
  139
  141
  143
  140
  141
  144
  146
  142
  143
  146
  148
144
  146
  148
  150
  146
  147
  150
  152
  148
  150
  152
  154
  150
  152
  154
  156
153
  154
  157
  159
  154
  156
  158
  160
  157
  158
  161
  163
  159
  160
  163
  165
161
  163
  165
  167
  163
  164
  167
  169
  165
  167
  169
  171
  167
  169
  171
  173
170
  171
  174
  176
  171
  173
  175
  177
  174
  175
  178
  180
  176
  177
  180
  182
178
  180
  182
  185
  180
  181
  184
  186
  182
  184
  186
  189
  184
  186
  188
  191
187
  188
  190
  192
  188
  189
  192
  194
  191
  192
  194
  196
  193
  194
  196
  198
195
  197
  200
  202
  197
  199
  201
  203
  199
  201
  204
  206
  201
  203
  206
  208
204
  204
  204
  204
  205
  205
  205
  205
  208
  208
  208
  208
  210
  210
  210
  210
 85
   86
   88
   90
   86
   87
   89
   92
   89
   90
   92
   94
   91
   92
   94
   96
 93
   95
   97
  100
   95
   97
   99
  101
   97
   99
  101
  104
   99
  101
  103
  106
102
  103
  105
  108
  103
  104
  107
  109
  106
  107
  109
  112
  108
  109
  111
  114
110
  112
  114
  116
  112
  113
  116
  118
  114
  116
  118
  120
  116
  118
  120
  122
119
  120
  123
  125
  120
  122
  124
  126
  123
  124
  127
  129
  125
  126
  129
  131
127
  129
  131
  133
  129
  130
  133
  135
  131
  133
  135
  137
  133
  135
  137
  139
136
  137
  140
  142
  137
  139
  141
  143
  140
  141
  144
  146
  142
  143
  146
  148
144
  146
  148
  150
  146
  147
  150
  152
  148
  150
  152
  154
  150
  152
  154
  156
153
  154
  157
  159
  154
  156
  158
  160
  157
  158
  161
  163
  159
  160
  163
  165
161
  163
  165
  167
  163
  164
  167
  169
  165
  167
  169
  171
  167
  169
  171
  173
170
  171
  174
  176
  171
  173
  175
  177
  174
  175
  178
  180
  176
  177
  180
  182
178
  180
  182
  184
  180
  181
  184
  186
  182
  184
  186
  188
  184
  186
  188
  190
187
  188
  191
  193
  188
  190
  192
  195
  191
  192
  195
  197
  193
  194
  197
  199
195
  196
  199
  201
  197
  198
  200
  202
  199
  200
  203
  205
  201
  202
  205
  207
204
  206
  208
  210
  205
  207
  210
  212
  208
  210
  212
  214
  210
  212
  214
  216
212
  212
  212
  212
  214
  214
  214
  214
  216
  216
  216
  216
  218
  218
  218
  218
 93
   94
   96
   99
   95
   96
   98
  100
   97
   98
  100
  103
   99
  100
  102
  105
102
  104
  106
  108
  103
  105
  107
  110
  106
  108
  110
  112
  108
  110
  112
  114
110
  111
  114
  116
  112
  113
  115
  118
  114
  115
  118
  120
  116
  117
  120
  122
119
  120
  123
  125
  120
  122
  124
  126
  123
  124
  127
  129
  125
  126
  129
  131
127
  129
  131
  133
  129
  130
  133
  135
  131
  133
  135
  137
  133
  135
  137
  139
136
  137
  140
  142
  137
  139
  141
  143
  140
  141
  144
  146
  142
  143
  146
  148
144
  146
  148
  150
  146
  147
  150
  152
  148
  150
  152
  154
  150
  152
  154
  156
153
  154
  157
  159
  154
  156
  158
  160
  157
  158
  161
  163
  159
  160
  163
  165
161
  163
  165
  167
  163
  164
  167
  169
  165
  167
  169
  171
  167
  169
  171
  173
170
  171
  174
  176
  171
  173
  175
  177
  174
  175
  178
  180
  176
  177
  180
  182
178
  180
  182
  184
  180
  181
  184
  186
  182
  184
  186
  188
  184
  186
  188
  190
187
  188
  191
  193
  188
  190
  192
  194
  191
  192
  195
  197
  193
  194
  197
  199
195
  197
  199
  202
  197
  198
  201
  203
  199
  201
  203
  206
  201
  203
  205
  208
204
  205
  207
  209
  205
  206
  209
  211
  208
  209
  211
  213
  210
  211
  213
  215
212
  214
  217
  219
  214
  216
  218
  220
  216
  218
  221
  223
  218
  220
  223
  225
221
  221
  221
  221
  222
  222
  222
  222
  225
  225
  225
  225
  227
  227
  227
  227
102
  103
  105
  107
  103
  104
  106
  109
  106
  107
  109
  111
  108
  109
  111
  114
110
  112
  114
  117
  112
  114
  116
  118
  114
  116
  118
  121
  117
  119
  121
  123
119
  120
  122
  125
  120
  121
  124
  126
  123
  124
  126
  129
  125
  126
  129
  131
127
  129
  131
  133
  129
  130
  133
  135
  131
  133
  135
  137
  134
  135
  138
  140
136
  137
  140
  142
  137
  139
  141
  143
  140
  141
  144
  146
  142
  144
  146
  148
144
  146
  148
  150
  146
  147
  150
  152
  148
  150
  152
  154
  151
  152
  155
  157
153
  154
  157
  159
  154
  156
  158
  160
  157
  158
  161
  163
  159
  161
  163
  165
161
  163
  165
  167
  163
  164
  167
  169
  165
  167
  169
  171
  168
  169
  172
  174
170
  171
  174
  176
  171
  173
  175
  177
  174
  175
  178
  180
  176
  178
  180
  182
178
  180
  182
  184
  180
  181
  184
  186
  182
  184
  186
  188
  185
  186
  189
  191
187
  188
  191
  193
  188
  190
  192
  194
  191
  192
  195
  197
  193
  195
  197
  199
195
  197
  199
  201
  197
  198
  201
  203
  199
  201
  203
  205
  202
  203
  206
  208
204
  205
  208
  210
  205
  207
  209
  212
  208
  209
  212
  214
  210
  212
  214
  217
212
  213
  216
  218
  214
  215
  217
  219
  216
  217
  220
  222
  219
  220
  222
  224
221
  223
  225
  227
  222
  224
  227
  229
  225
  227
  229
  231
  227
  229
  232
  234
229
  229
  229
  229
  231
  231
  231
  231
  233
  233
  233
  233
  236
  236
  236
  236
110
  111
  113
  116
  111
  112
  114
  117
  114
  115
  117
  119
  116
  117
  119
  121
119
  121
  123
  125
  120
  122
  124
  126
  122
  124
  126
  129
  124
  126
  128
  131
127
  128
  131
  133
  128
  129
  132
  134
  131
  132
  134
  137
  133
  134
  136
  139
136
  137
  140
  142
  137
  138
  141
  143
  139
  141
  143
  145
  141
  143
  145
  147
144
  146
  148
  150
  145
  147
  149
  151
  148
  149
  152
  154
  150
  151
  154
  156
153
  154
  157
  159
  154
  155
  158
  160
  156
  158
  160
  162
  158
  160
  162
  164
161
  163
  165
  167
  162
  164
  166
  168
  165
  166
  169
  171
  167
  168
  171
  173
170
  171
  174
  176
  171
  172
  175
  177
  173
  175
  177
  179
  175
  177
  179
  181
178
  180
  182
  184
  179
  181
  183
  185
  182
  183
  186
  188
  184
  185
  188
  190
187
  188
  191
  193
  188
  189
  192
  194
  190
  192
  194
  196
  192
  194
  196
  198
195
  197
  199
  201
  196
  198
  200
  202
  199
  200
  203
  205
  201
  202
  205
  207
204
  205
  208
  210
  205
  206
  209
  211
  207
  209
  211
  213
  209
  211
  213
  215
212
  214
  216
  219
  213
  215
  217
  220
  216
  217
  220
  222
  218
  219
  222
  224
221
  222
  224
  226
  222
  223
  225
  227
  224
  225
  228
  230
  226
  227
  230
  232
229
  231
  234
  236
  230
  232
  235
  237
  233
  235
  237
  239
  235
  237
  239
  241
238
  238
  238
  238
  239
  239
  239
  239
  241
  241
  241
  241
  243
  243
  243
  243
119
  120
  122
  124
  121
  122
  124
  126
  123
  124
  126
  129
  125
  126
  128
  131
127
  129
  131
  134
  129
  131
  133
  136
  132
  134
  136
  138
  134
  136
  138
  140
136
  137
  139
  142
  138
  139
  141
  144
  140
  141
  144
  146
  142
  143
  146
  148
144
  146
  148
  150
  146
  148
  150
  152
  149
  150
  153
  155
  151
  152
  155
  157
153
  154
  157
  159
  155
  156
  159
  161
  157
  159
  161
  163
  159
  161
  163
  165
161
  163
  165
  167
  163
  165
  167
  169
  166
  167
  170
  172
  168
  169
  172
  174
170
  171
  174
  176
  172
  173
  176
  178
  174
  176
  178
  180
  176
  178
  180
  182
178
  180
  182
  184
  180
  182
  184
  186
  183
  184
  187
  189
  185
  186
  189
  191
187
  188
  191
  193
  189
  190
  193
  195
  191
  193
  195
  197
  193
  195
  197
  199
195
  197
  199
  201
  197
  199
  201
  203
  200
  201
  204
  206
  202
  203
  206
  208
204
  205
  208
  210
  206
  207
  210
  212
  208
  210
  212
  214
  210
  212
  214
  216
212
  214
  216
  218
  214
  216
  218
  220
  217
  218
  221
  223
  219
  220
  223
  225
221
  222
  225
  227
  223
  224
  227
  229
  225
  227
  229
  232
  227
  229
  231
  234
229
  230
  233
  235
  231
  232
  235
  237
  234
  235
  237
  239
  236
  237
  239
  241
238
  240
  242
  244
  240
  242
  244
  246
  242
  244
  247
  249
  244
  246
  249
  251
246
  246
  246
  246
  248
  248
  248
  248
  251
  251
  251
  251
  253
  253
  253
  253
127
  128
  130
  133
  127
  128
  130
  133
  127
  128
  130
  133
  127
  128
  130
  133
136
  138
  140
  142
  136
  138
  140
  142
  136
  138
  140
  142
  136
  138
  140
  142
144
  145
  148
  150
  144
  145
  148
  150
  144
  145
  148
  150
  144
  145
  148
  150
153
  154
  157
  159
  153
  154
  157
  159
  153
  154
  157
  159
  153
  154
  157
  159
161
  163
  165
  167
  161
  163
  165
  167
  161
  163
  165
  167
  161
  163
  165
  167
170
  171
  174
  176
  170
  171
  174
  176
  170
  171
  174
  176
  170
  171
  174
  176
178
  180
  182
  184
  178
  180
  182
  184
  178
  180
  182
  184
  178
  180
  182
  184
187
  188
  191
  193
  187
  188
  191
  193
  187
  188
  191
  193
  187
  188
  191
  193
195
  197
  199
  201
  195
  197
  199
  201
  195
  197
  199
  201
  195
  197
  199
  201
204
  205
  208
  210
  204
  205
  208
  210
  204
  205
  208
  210
  204
  205
  208
  210
212
  214
  216
  218
  212
  214
  216
  218
  212
  214
  216
  218
  212
  214
  216
  218
221
  222
  225
  227
  221
  222
  225
  227
  221
  222
  225
  227
  221
  222
  225
  227
229
  231
  233
  236
  229
  231
  233
  236
  229
  231
  233
  236
  229
  231
  233
  236
238
  239
  241
  243
  238
  239
  241
  243
  238
  239
  241
  243
  238
  239
  241
  243
246
  248
  251
  253
  246
  248
  251
  253
  246
  248
  251
  253
  246
  248
  251
  253
255
  255
  255
  255
  255
  255
  255
  255
  255
  255
  255
  255
  255
  255
  255
  255
$finish called from file "interpolatorBasic.sv", line 319.
$finish at simulation time                23205
           V C S   S i m u l a t i o n   R e p o r t 
Time: 23205
CPU Time:      0.880 seconds;       Data structure size:   0.0Mb
Wed Dec  5 02:03:22 2018
