       255
       248
       251
       253
4294967295
       248
       251
       253
4294967295
       248
       251
       253
4294967295
       248
       251
       253
       246
       239
       241
       243
         7
       239
       241
       243
         7
       239
       241
       243
         7
       239
       241
       243
       238
       231
       233
       236
        16
       231
       233
       236
        16
       231
       233
       236
        16
       231
       233
       236
       229
       222
       225
       227
        24
       222
       225
       227
        24
       222
       225
       227
        24
       222
       225
       227
       221
       214
       216
       218
        33
       214
       216
       218
        33
       214
       216
       218
        33
       214
       216
       218
       212
       205
       208
       210
        41
       205
       208
       210
        41
       205
       208
       210
        41
       205
       208
       210
       204
       197
       199
       201
        50
       197
       199
       201
        50
       197
       199
       201
        50
       197
       199
       201
       195
       188
       191
       193
        58
       188
       191
       193
        58
       188
       191
       193
        58
       188
       191
       193
       187
       180
       182
       184
        67
       180
       182
       184
        67
       180
       182
       184
        67
       180
       182
       184
       178
       171
       174
       176
        75
       171
       174
       176
        75
       171
       174
       176
        75
       171
       174
       176
       170
       163
       165
       167
        84
       163
       165
       167
        84
       163
       165
       167
        84
       163
       165
       167
       161
       154
       157
       159
        92
       154
       157
       159
        92
       154
       157
       159
        92
       154
       157
       159
       153
       145
       148
       150
       101
       145
       148
       150
       101
       145
       148
       150
       101
       145
       148
       150
       144
       138
       140
       142
       109
       138
       140
       142
       109
       138
       140
       142
       109
       138
       140
       142
       136
       128
       130
       133
       118
       128
       130
       133
       118
       128
       130
       133
       118
       128
       130
       133
       127
       126
       126
       126
       126
       126
       126
       126
       126
       126
       126
       126
       126
       126
       126
       126
       246
       240
       242
       244
         1
       246
       249
       251
         3
       244
       247
       249
         5
       242
       244
       246
       238
       230
       233
       235
         9
       237
       239
       241
        11
       235
       237
       239
        14
       232
       235
       237
       229
       222
       225
       227
        18
       229
       231
       234
        20
       227
       229
       232
        22
       224
       227
       229
       221
       214
       216
       218
        26
       220
       223
       225
        28
       218
       221
       223
        31
       216
       218
       220
       212
       205
       208
       210
        35
       212
       214
       216
        37
       210
       212
       214
        39
       207
       210
       212
       204
       197
       199
       201
        43
       203
       206
       208
        45
       201
       204
       206
        48
       199
       201
       203
       195
       188
       191
       193
        52
       195
       197
       199
        54
       193
       195
       197
        56
       190
       193
       195
       187
       180
       182
       184
        60
       186
       189
       191
        62
       184
       187
       189
        65
       182
       184
       186
       178
       171
       174
       176
        69
       178
       180
       182
        71
       176
       178
       180
        73
       173
       176
       178
       170
       163
       165
       167
        77
       169
       172
       174
        79
       167
       170
       172
        82
       165
       167
       169
       161
       154
       157
       159
        86
       161
       163
       165
        88
       159
       161
       163
        90
       156
       159
       161
       153
       146
       148
       150
        94
       152
       155
       157
        96
       150
       153
       155
        99
       148
       150
       152
       144
       137
       139
       142
       103
       143
       146
       148
       105
       141
       144
       146
       107
       139
       141
       144
       136
       129
       131
       134
       111
       136
       138
       140
       113
       134
       136
       138
       116
       131
       133
       136
       127
       120
       122
       124
       120
       126
       128
       131
       122
       124
       126
       129
       124
       122
       124
       126
       119
       118
       118
       118
       128
       124
       124
       124
       130
       122
       122
       122
       133
       120
       120
       120
       238
       231
       234
       236
        10
       237
       239
       241
        12
       235
       237
       239
        15
       232
       235
       237
       229
       222
       224
       226
        19
       227
       230
       232
        21
       225
       228
       230
        23
       223
       225
       227
       221
       214
       216
       219
        27
       219
       222
       224
        29
       217
       220
       222
        32
       215
       217
       220
       212
       205
       208
       210
        36
       211
       213
       215
        38
       209
       211
       213
        40
       206
       209
       211
       204
       197
       199
       201
        44
       202
       205
       207
        46
       200
       203
       205
        49
       198
       200
       202
       195
       188
       191
       193
        53
       194
       196
       198
        55
       192
       194
       196
        57
       189
       192
       194
       187
       180
       182
       184
        61
       185
       188
       190
        63
       183
       186
       188
        66
       181
       183
       185
       178
       171
       174
       176
        70
       177
       179
       181
        72
       175
       177
       179
        74
       172
       175
       177
       170
       163
       165
       167
        78
       168
       171
       173
        80
       166
       169
       171
        83
       164
       166
       168
       161
       154
       157
       159
        87
       160
       162
       164
        89
       158
       160
       162
        91
       155
       158
       160
       153
       146
       148
       150
        95
       151
       154
       156
        97
       149
       152
       154
       100
       147
       149
       151
       144
       137
       140
       142
       104
       143
       145
       147
       106
       141
       143
       145
       108
       138
       141
       143
       136
       128
       131
       133
       112
       134
       136
       139
       114
       132
       134
       137
       117
       129
       132
       134
       127
       121
       123
       125
       121
       126
       128
       131
       123
       124
       126
       129
       125
       122
       124
       126
       119
       111
       113
       116
       129
       117
       119
       121
       131
       115
       117
       119
       134
       112
       114
       117
       110
       109
       109
       109
       138
       115
       115
       115
       140
       113
       113
       113
       142
       110
       110
       110
       229
       223
       225
       227
        18
       229
       232
       234
        20
       227
       229
       231
        23
       224
       227
       229
       221
       213
       216
       218
        26
       220
       222
       224
        29
       217
       220
       222
        31
       215
       217
       219
       212
       205
       208
       210
        35
       212
       214
       217
        37
       209
       212
       214
        40
       207
       209
       212
       204
       197
       199
       201
        43
       203
       206
       208
        46
       201
       203
       205
        48
       198
       201
       203
       195
       188
       191
       193
        52
       195
       197
       199
        54
       192
       195
       197
        57
       190
       192
       194
       187
       180
       182
       184
        60
       186
       189
       191
        63
       184
       186
       188
        65
       181
       184
       186
       178
       171
       174
       176
        69
       178
       180
       182
        71
       175
       178
       180
        74
       173
       175
       177
       170
       163
       165
       167
        77
       169
       172
       174
        80
       167
       169
       171
        82
       164
       167
       169
       161
       154
       157
       159
        86
       161
       163
       165
        88
       158
       161
       163
        91
       156
       158
       160
       153
       146
       148
       150
        94
       152
       155
       157
        97
       150
       152
       154
        99
       147
       150
       152
       144
       137
       140
       142
       103
       144
       146
       148
       105
       141
       144
       146
       108
       139
       141
       143
       136
       129
       131
       133
       111
       135
       138
       140
       114
       133
       135
       137
       116
       130
       133
       135
       127
       120
       122
       125
       120
       126
       129
       131
       122
       124
       126
       129
       125
       121
       124
       126
       119
       112
       114
       117
       128
       119
       121
       123
       131
       116
       118
       121
       133
       114
       116
       118
       110
       103
       105
       107
       137
       109
       111
       114
       139
       107
       109
       111
       142
       104
       106
       109
       102
       101
       101
       101
       145
       107
       107
       107
       148
       105
       105
       105
       150
       102
       102
       102
       221
       214
       217
       219
        27
       220
       223
       225
        29
       218
       221
       223
        31
       216
       218
       220
       212
       205
       207
       209
        35
       211
       213
       215
        38
       209
       211
       213
        40
       206
       209
       211
       204
       197
       199
       202
        44
       203
       205
       208
        46
       201
       203
       206
        48
       198
       201
       203
       195
       188
       191
       193
        52
       194
       197
       199
        55
       192
       195
       197
        57
       190
       192
       194
       187
       180
       182
       184
        61
       186
       188
       190
        63
       184
       186
       188
        65
       181
       184
       186
       178
       171
       174
       176
        69
       177
       180
       182
        72
       175
       178
       180
        74
       173
       175
       177
       170
       163
       165
       167
        78
       169
       171
       173
        80
       167
       169
       171
        82
       164
       167
       169
       161
       154
       157
       159
        86
       160
       163
       165
        89
       158
       161
       163
        91
       156
       158
       160
       153
       146
       148
       150
        95
       152
       154
       156
        97
       150
       152
       154
        99
       147
       150
       152
       144
       137
       140
       142
       103
       143
       146
       148
       106
       141
       144
       146
       108
       139
       141
       143
       136
       129
       131
       133
       112
       135
       137
       139
       114
       133
       135
       137
       116
       130
       133
       135
       127
       120
       123
       125
       120
       126
       129
       131
       123
       124
       127
       129
       125
       122
       124
       126
       119
       111
       114
       116
       129
       117
       120
       122
       131
       115
       118
       120
       133
       113
       115
       118
       110
       104
       106
       108
       137
       110
       112
       114
       140
       108
       110
       112
       142
       105
       107
       110
       102
        94
        96
        99
       146
       100
       102
       105
       148
        98
       100
       103
       150
        96
        98
       100
        93
        92
        92
        92
       154
        98
        98
        98
       157
        96
        96
        96
       159
        94
        94
        94
       212
       206
       208
       210
        35
       212
       214
       216
        38
       210
       212
       214
        40
       207
       210
       212
       204
       196
       199
       201
        44
       202
       205
       207
        46
       200
       203
       205
        48
       198
       200
       202
       195
       188
       191
       193
        52
       194
       197
       199
        55
       192
       195
       197
        57
       190
       192
       195
       187
       180
       182
       184
        61
       186
       188
       190
        63
       184
       186
       188
        65
       181
       184
       186
       178
       171
       174
       176
        69
       177
       180
       182
        72
       175
       178
       180
        74
       173
       175
       177
       170
       163
       165
       167
        78
       169
       171
       173
        80
       167
       169
       171
        82
       164
       167
       169
       161
       154
       157
       159
        86
       160
       163
       165
        89
       158
       161
       163
        91
       156
       158
       160
       153
       146
       148
       150
        95
       152
       154
       156
        97
       150
       152
       154
        99
       147
       150
       152
       144
       137
       140
       142
       103
       143
       146
       148
       106
       141
       144
       146
       108
       139
       141
       143
       136
       129
       131
       133
       112
       135
       137
       139
       114
       133
       135
       137
       116
       130
       133
       135
       127
       120
       123
       125
       120
       126
       129
       131
       123
       124
       127
       129
       125
       122
       124
       126
       119
       112
       114
       116
       129
       118
       120
       122
       131
       116
       118
       120
       133
       113
       116
       118
       110
       103
       105
       108
       137
       109
       111
       114
       140
       107
       109
       112
       142
       104
       107
       109
       102
        95
        97
       100
       146
       101
       103
       106
       148
        99
       101
       104
       150
        97
        99
       101
        93
        86
        88
        90
       154
        92
        94
        96
       157
        90
        92
        94
       159
        87
        89
        92
        85
        84
        84
        84
       163
        90
        90
        90
       165
        88
        88
        88
       167
        85
        85
        85
       204
       197
       200
       202
        44
       203
       206
       208
        46
       201
       204
       206
        48
       199
       201
       203
       195
       188
       190
       192
        52
       194
       196
       198
        55
       192
       194
       196
        57
       189
       192
       194
       187
       180
       182
       185
        61
       186
       188
       191
        63
       184
       186
       189
        65
       181
       184
       186
       178
       171
       174
       176
        69
       177
       180
       182
        72
       175
       178
       180
        74
       173
       175
       177
       170
       163
       165
       167
        78
       169
       171
       173
        80
       167
       169
       171
        82
       164
       167
       169
       161
       154
       157
       159
        86
       160
       163
       165
        89
       158
       161
       163
        91
       156
       158
       160
       153
       146
       148
       150
        95
       152
       154
       156
        97
       150
       152
       154
        99
       147
       150
       152
       144
       137
       140
       142
       103
       143
       146
       148
       106
       141
       144
       146
       108
       139
       141
       143
       136
       129
       131
       133
       112
       135
       137
       139
       114
       133
       135
       137
       116
       130
       133
       135
       127
       120
       123
       125
       120
       126
       129
       131
       123
       124
       127
       129
       125
       122
       124
       126
       119
       112
       114
       116
       129
       118
       120
       122
       131
       116
       118
       120
       133
       113
       116
       118
       110
       103
       106
       108
       137
       109
       112
       114
       140
       107
       110
       112
       142
       105
       107
       109
       102
        94
        97
        99
       146
       100
       103
       105
       148
        98
       101
       103
       150
        96
        98
       101
        93
        87
        89
        91
       154
        93
        95
        97
       157
        91
        93
        95
       159
        88
        90
        93
        85
        77
        79
        82
       163
        83
        85
        88
       165
        81
        83
        86
       167
        79
        81
        83
        76
        75
        75
        75
       171
        81
        81
        81
       174
        79
        79
        79
       176
        77
        77
        77
       195
       189
       191
       193
        52
       195
       197
       199
        55
       193
       195
       197
        57
       190
       193
       195
       187
       179
       182
       184
        61
       185
       188
       190
        63
       183
       186
       188
        65
       181
       183
       185
       178
       171
       174
       176
        69
       177
       180
       182
        72
       175
       178
       180
        74
       173
       175
       178
       170
       163
       165
       167
        78
       169
       171
       173
        80
       167
       169
       171
        82
       164
       167
       169
       161
       154
       157
       159
        86
       160
       163
       165
        89
       158
       161
       163
        91
       156
       158
       160
       153
       146
       148
       150
        95
       152
       154
       156
        97
       150
       152
       154
        99
       147
       150
       152
       144
       137
       140
       142
       103
       143
       146
       148
       106
       141
       144
       146
       108
       139
       141
       143
       136
       129
       131
       133
       112
       135
       137
       139
       114
       133
       135
       137
       116
       130
       133
       135
       127
       120
       123
       125
       120
       126
       129
       131
       123
       124
       127
       129
       125
       122
       124
       126
       119
       112
       114
       116
       129
       118
       120
       122
       131
       116
       118
       120
       133
       113
       116
       118
       110
       103
       106
       108
       137
       109
       112
       114
       140
       107
       110
       112
       142
       105
       107
       109
       102
        95
        97
        99
       146
       101
       103
       105
       148
        99
       101
       103
       150
        96
        99
       101
        93
        86
        88
        91
       154
        92
        94
        97
       157
        90
        92
        95
       159
        87
        90
        92
        85
        78
        80
        83
       163
        84
        86
        89
       165
        82
        84
        87
       167
        80
        82
        84
        76
        69
        71
        73
       171
        75
        77
        79
       174
        73
        75
        77
       176
        70
        72
        75
        68
        67
        67
        67
       180
        73
        73
        73
       182
        71
        71
        71
       184
        68
        68
        68
       187
       180
       183
       185
        61
       186
       189
       191
        63
       184
       187
       189
        65
       182
       184
       186
       178
       171
       173
       175
        69
       177
       179
       181
        72
       175
       177
       179
        74
       172
       175
       177
       170
       163
       165
       168
        78
       169
       171
       174
        80
       167
       169
       172
        82
       164
       167
       169
       161
       154
       157
       159
        86
       160
       163
       165
        89
       158
       161
       163
        91
       156
       158
       160
       153
       146
       148
       150
        95
       152
       154
       156
        97
       150
       152
       154
        99
       147
       150
       152
       144
       137
       140
       142
       103
       143
       146
       148
       106
       141
       144
       146
       108
       139
       141
       143
       136
       129
       131
       133
       112
       135
       137
       139
       114
       133
       135
       137
       116
       130
       133
       135
       127
       120
       123
       125
       120
       126
       129
       131
       123
       124
       127
       129
       125
       122
       124
       126
       119
       112
       114
       116
       129
       118
       120
       122
       131
       116
       118
       120
       133
       113
       116
       118
       110
       103
       106
       108
       137
       109
       112
       114
       140
       107
       110
       112
       142
       105
       107
       109
       102
        95
        97
        99
       146
       101
       103
       105
       148
        99
       101
       103
       150
        96
        99
       101
        93
        86
        89
        91
       154
        92
        95
        97
       157
        90
        93
        95
       159
        88
        90
        92
        85
        77
        80
        82
       163
        83
        86
        88
       165
        81
        84
        86
       167
        79
        81
        84
        76
        70
        72
        74
       171
        76
        78
        80
       174
        74
        76
        78
       176
        71
        73
        76
        68
        60
        62
        65
       180
        66
        68
        71
       182
        64
        66
        69
       184
        62
        64
        66
        59
        58
        58
        58
       188
        64
        64
        64
       191
        62
        62
        62
       193
        60
        60
        60
       178
       172
       174
       176
        69
       178
       180
       182
        72
       176
       178
       180
        74
       173
       176
       178
       170
       162
       165
       167
        78
       168
       171
       173
        80
       166
       169
       171
        82
       164
       166
       168
       161
       154
       157
       159
        86
       160
       163
       165
        89
       158
       161
       163
        91
       156
       158
       161
       153
       146
       148
       150
        95
       152
       154
       156
        97
       150
       152
       154
        99
       147
       150
       152
       144
       137
       140
       142
       103
       143
       146
       148
       106
       141
       144
       146
       108
       139
       141
       143
       136
       129
       131
       133
       112
       135
       137
       139
       114
       133
       135
       137
       116
       130
       133
       135
       127
       120
       123
       125
       120
       126
       129
       131
       123
       124
       127
       129
       125
       122
       124
       126
       119
       112
       114
       116
       129
       118
       120
       122
       131
       116
       118
       120
       133
       113
       116
       118
       110
       103
       106
       108
       137
       109
       112
       114
       140
       107
       110
       112
       142
       105
       107
       109
       102
        95
        97
        99
       146
       101
       103
       105
       148
        99
       101
       103
       150
        96
        99
       101
        93
        86
        89
        91
       154
        92
        95
        97
       157
        90
        93
        95
       159
        88
        90
        92
        85
        78
        80
        82
       163
        84
        86
        88
       165
        82
        84
        86
       167
        79
        82
        84
        76
        69
        71
        74
       171
        75
        77
        80
       174
        73
        75
        78
       176
        70
        73
        75
        68
        61
        63
        66
       180
        67
        69
        72
       182
        65
        67
        70
       184
        63
        65
        67
        59
        52
        54
        56
       188
        58
        60
        62
       191
        56
        58
        60
       193
        53
        55
        58
        51
        50
        50
        50
       197
        56
        56
        56
       199
        54
        54
        54
       201
        51
        51
        51
       170
       163
       166
       168
        78
       169
       172
       174
        80
       167
       170
       172
        82
       165
       167
       169
       161
       154
       156
       158
        86
       160
       162
       164
        89
       158
       160
       162
        91
       155
       158
       160
       153
       146
       148
       151
        95
       152
       154
       157
        97
       150
       152
       155
        99
       147
       150
       152
       144
       137
       140
       142
       103
       143
       146
       148
       106
       141
       144
       146
       108
       139
       141
       143
       136
       129
       131
       133
       112
       135
       137
       139
       114
       133
       135
       137
       116
       130
       133
       135
       127
       120
       123
       125
       120
       126
       129
       131
       123
       124
       127
       129
       125
       122
       124
       126
       119
       112
       114
       116
       129
       118
       120
       122
       131
       116
       118
       120
       133
       113
       116
       118
       110
       103
       106
       108
       137
       109
       112
       114
       140
       107
       110
       112
       142
       105
       107
       109
       102
        95
        97
        99
       146
       101
       103
       105
       148
        99
       101
       103
       150
        96
        99
       101
        93
        86
        89
        91
       154
        92
        95
        97
       157
        90
        93
        95
       159
        88
        90
        92
        85
        78
        80
        82
       163
        84
        86
        88
       165
        82
        84
        86
       167
        79
        82
        84
        76
        69
        72
        74
       171
        75
        78
        80
       174
        73
        76
        78
       176
        71
        73
        75
        68
        60
        63
        65
       180
        66
        69
        71
       182
        64
        67
        69
       184
        62
        64
        67
        59
        53
        55
        57
       188
        59
        61
        63
       191
        57
        59
        61
       193
        54
        56
        59
        51
        43
        45
        48
       197
        49
        51
        54
       199
        47
        49
        52
       201
        45
        47
        49
        42
        41
        41
        41
       205
        47
        47
        47
       208
        45
        45
        45
       210
        43
        43
        43
       161
       155
       157
       159
        86
       161
       163
       165
        89
       159
       161
       163
        91
       156
       159
       161
       153
       145
       148
       150
        95
       151
       154
       156
        97
       149
       152
       154
        99
       147
       149
       151
       144
       137
       140
       142
       103
       143
       146
       148
       106
       141
       144
       146
       108
       139
       141
       144
       136
       129
       131
       133
       112
       135
       137
       139
       114
       133
       135
       137
       116
       130
       133
       135
       127
       120
       123
       125
       120
       126
       129
       131
       123
       124
       127
       129
       125
       122
       124
       126
       119
       112
       114
       116
       129
       118
       120
       122
       131
       116
       118
       120
       133
       113
       116
       118
       110
       103
       106
       108
       137
       109
       112
       114
       140
       107
       110
       112
       142
       105
       107
       109
       102
        95
        97
        99
       146
       101
       103
       105
       148
        99
       101
       103
       150
        96
        99
       101
        93
        86
        89
        91
       154
        92
        95
        97
       157
        90
        93
        95
       159
        88
        90
        92
        85
        78
        80
        82
       163
        84
        86
        88
       165
        82
        84
        86
       167
        79
        82
        84
        76
        69
        72
        74
       171
        75
        78
        80
       174
        73
        76
        78
       176
        71
        73
        75
        68
        61
        63
        65
       180
        67
        69
        71
       182
        65
        67
        69
       184
        62
        65
        67
        59
        52
        54
        57
       188
        58
        60
        63
       191
        56
        58
        61
       193
        53
        56
        58
        51
        44
        46
        49
       197
        50
        52
        55
       199
        48
        50
        53
       201
        46
        48
        50
        42
        35
        37
        39
       205
        41
        43
        45
       208
        39
        41
        43
       210
        36
        38
        41
        34
        33
        33
        33
       214
        39
        39
        39
       216
        37
        37
        37
       218
        34
        34
        34
       153
       146
       149
       151
        95
       152
       155
       157
        97
       150
       153
       155
        99
       148
       150
       152
       144
       137
       139
       141
       103
       143
       145
       147
       106
       141
       143
       145
       108
       138
       141
       143
       136
       129
       131
       134
       112
       135
       137
       140
       114
       133
       135
       138
       116
       130
       133
       135
       127
       120
       123
       125
       120
       126
       129
       131
       123
       124
       127
       129
       125
       122
       124
       126
       119
       112
       114
       116
       129
       118
       120
       122
       131
       116
       118
       120
       133
       113
       116
       118
       110
       103
       106
       108
       137
       109
       112
       114
       140
       107
       110
       112
       142
       105
       107
       109
       102
        95
        97
        99
       146
       101
       103
       105
       148
        99
       101
       103
       150
        96
        99
       101
        93
        86
        89
        91
       154
        92
        95
        97
       157
        90
        93
        95
       159
        88
        90
        92
        85
        78
        80
        82
       163
        84
        86
        88
       165
        82
        84
        86
       167
        79
        82
        84
        76
        69
        72
        74
       171
        75
        78
        80
       174
        73
        76
        78
       176
        71
        73
        75
        68
        61
        63
        65
       180
        67
        69
        71
       182
        65
        67
        69
       184
        62
        65
        67
        59
        52
        55
        57
       188
        58
        61
        63
       191
        56
        59
        61
       193
        54
        56
        58
        51
        43
        46
        48
       197
        49
        52
        54
       199
        47
        50
        52
       201
        45
        47
        50
        42
        36
        38
        40
       205
        42
        44
        46
       208
        40
        42
        44
       210
        37
        39
        42
        34
        26
        28
        31
       214
        32
        34
        37
       216
        30
        32
        35
       218
        28
        30
        32
        25
        24
        24
        24
       222
        30
        30
        30
       225
4 227858460
4 227858460
4 227858460
       227
4 227858458
4 227858458
4 227858458
       144
       138
       140
       142
       103
       144
       146
       148
       106
       141
       144
       146
       108
       139
       141
       143
       136
       128
       131
       133
       112
       134
       137
       139
       114
       132
       134
       136
       117
       129
       132
       134
       127
       120
       123
       125
       120
       126
       129
       131
       123
       124
       126
       129
       125
       121
       124
       126
       119
       112
       114
       116
       129
       118
       120
       122
       131
       115
       118
       120
       134
       113
       115
       117
       110
       103
       106
       108
       137
       109
       112
       114
       140
       107
       109
       111
       142
       104
       107
       109
       102
        95
        97
        99
       146
       101
       103
       105
       148
        98
       101
       103
       151
        96
        98
       100
        93
        86
        89
        91
       154
        92
        95
        97
       157
        90
        92
        94
       159
        87
        90
        92
        85
        78
        80
        82
       163
        84
        86
        88
       165
        81
        84
        86
       168
        79
        81
        83
        76
        69
        72
        74
       171
        75
        78
        80
       174
        73
        75
        77
       176
        70
        73
        75
        68
        61
        63
        65
       180
        67
        69
        71
       182
        64
        67
        69
       185
        62
        64
        66
        59
        52
        55
        57
       188
        58
        61
        63
       191
        56
        58
        60
       193
        53
        56
        58
        51
        44
        46
        48
       197
        50
        52
        54
       199
        47
        50
        52
       202
        45
        47
        49
        42
        35
        37
        40
       205
        41
        43
        46
       208
        38
        41
        43
       210
        36
        38
        41
        34
        27
        29
        32
       214
        33
        35
        38
       216
        31
        33
        35
       219
        28
        30
        33
        25
        18
        20
        22
       222
        24
        26
        28
       225
        21
        23
        26
       227
        19
        21
        23
        17
        16
        16
        16
       231
  67108886
  67108886
  67108886
       233
 201326611
 201326611
 201326611
       236
 201326609
 201326609
 201326609
       136
       129
       132
       134
       111
       136
       138
       140
       114
       133
       136
       138
       116
       131
       134
       136
       127
       120
       122
       124
       120
       126
       129
       131
       122
       124
       126
       128
       124
       122
       124
       126
       119
       112
       114
       117
       128
       118
       121
       123
       131
       116
       118
       121
       133
       114
       116
       119
       110
       103
       106
       108
       137
       110
       112
       114
       139
       107
       110
       112
       141
       105
       108
       110
       102
        95
        97
        99
       145
       101
       104
       106
       148
        99
       101
       103
       150
        97
        99
       101
        93
        86
        89
        91
       154
        93
        95
        97
       156
        90
        93
        95
       158
        88
        91
        93
        85
        78
        80
        82
       162
        84
        87
        89
       165
        82
        84
        86
       167
        80
        82
        84
        76
        69
        72
        74
       171
        76
        78
        80
       173
        73
        76
        78
       175
        71
        74
        76
        68
        61
        63
        65
       179
        67
        70
        72
       182
        65
        67
        69
       184
        63
        65
        67
        59
        52
        55
        57
       188
        59
        61
        63
       190
        56
        59
        61
       192
        54
        57
        59
        51
        44
        46
        48
       196
        50
        53
        55
       199
        48
        50
        52
       201
        46
        48
        50
        42
        35
        38
        40
       205
        42
        44
        46
       207
        39
        42
        44
       209
        37
        40
        42
        34
        26
        29
        31
       213
        33
        35
        38
       216
        30
        33
        35
       218
        28
        31
        33
        25
        19
        21
        23
       222
        25
        27
        30
       224
        23
        25
        27
       226
        21
        23
        25
        17
         9
        11
        14
       230
        16
        18
        20
       233
        13
        15
        18
       235
        11
        13
        16
         8
         7
         7
         7
       239
40 26531854
40 26531854
40 26531854
       241
3758096 395
3758096 395
3758096395
       243
3825205257 
3825205257 
3825205257
       127
       121
       123
       125
       121
       126
       129
       131
       123
       124
       126
       128
       125
       122
       124
       126
       119
       111
       114
       116
       129
       117
       119
       121
       132
       114
       117
       119
       134
       112
       115
       117
       110
       103
       106
       108
       138
       109
       111
       114
       140
       106
       109
       111
       142
       104
       107
       109
       102
        95
        97
        99
       146
       100
       103
       105
       149
        98
       100
       102
       151
        96
        98
       100
        93
        86
        89
        91
       155
        92
        94
        96
       157
        89
        92
        94
       159
        87
        90
        92
        85
        78
        80
        82
       163
        83
        86
        88
       166
        81
        83
        85
       168
        79
        81
        83
        76
        69
        72
        74
       172
        75
        77
        79
       174
        72
        75
        77
       176
        70
        73
        75
        68
        61
        63
        65
       180
        66
        69
        71
       183
        64
        66
        68
       185
        62
        64
        66
        59
        52
        55
        57
       189
        58
        60
        62
       191
        55
        58
        60
       193
        53
        56
        58
        51
        44
        46
        48
       197
        49
        52
        54
       200
        47
        49
        51
       202
        45
        47
        49
        42
        35
        38
        40
       206
        41
        43
        45
       208
        38
        41
        43
       210
        36
        39
        41
        34
        27
        29
        31
       214
        32
        35
        37
       217
        30
        32
        34
       219
        28
        30
        32
        25
        18
        20
        23
       223
        23
        26
        28
       225
        21
        23
        26
       227
        19
        21
        24
        17
        10
        12
        15
       231
        16
        18
        20
       234
        13
        15
        18
       236
        11
        13
        16
         8
         1
         3
         5
       240
         6
         8
        11
       242
         4
         6
         8
       244
         2
         4
         6
         0
4294967295
4294967295
4294967295
       248
 872415236
 872415236
 872415236
       251
2147483650
 2147483650
2147483650
       253
3422552064
342 2552064
3422552064