Chronologic VCS simulator copyright 1991-2014
Contains Synopsys proprietary information.
Compiler version J-2014.12-SP3-1_Full64; Runtime version J-2014.12-SP3-1_Full64;  Dec  9 00:39 2018
  0
  2
  3
  5
  2
  2
  2
  2
  3
  3
  3
  3
  5
  5
  5
  5
  8
 11
 12
 13
 10
 10
 10
 10
 11
 11
 11
 11
 13
 13
 13
 13
 17
 19
 20
 21
 18
 18
 18
 18
 19
 19
 19
 19
 21
 21
 21
 21
 25
 27
 28
 29
 26
 26
 26
 26
 27
 27
 27
 27
 29
 29
 29
 29
 34
 35
 36
 37
 34
 34
 34
 34
 35
 35
 35
 35
 37
 37
 37
 37
 42
 43
 44
 45
 42
 42
 42
 42
 43
 43
 43
 43
 45
 45
 45
 45
 51
 51
 52
 53
 50
 50
 50
 50
 51
 51
 51
 51
 53
 53
 53
 53
 59
 59
 60
 61
 58
 58
 58
 58
 59
 59
 59
 59
 61
 61
 61
 61
 68
 67
 68
 69
 66
 66
 66
 66
 67
 67
 67
 67
 69
 69
 69
 69
 76
 75
 76
 77
 74
 74
 74
 74
 75
 75
 75
 75
 77
 77
 77
 77
 85
 83
 84
 85
 82
 82
 82
 82
 83
 83
 83
 83
 85
 85
 85
 85
 93
 91
 92
 93
 90
 90
 90
 90
 91
 91
 91
 91
 93
 93
 93
 93
102
 99
100
101
 98
 98
 98
 98
 99
 99
 99
 99
101
101
101
101
110
107
108
109
106
106
106
106
107
107
106
106
109
109
108
108
119
115
117
118
114
114
116
116
114
114
119
119
116
116
123
123
127
121
121
120
124
124
124
124
127
127
127
127
131
131
131
131
  8
 10
 11
 13
 11
 11
 11
 11
 12
 12
 12
 12
 13
 13
 13
 13
 17
 19
 20
 21
 19
 19
 19
 19
 20
 20
 20
 20
 21
 21
 21
 21
 25
 27
 28
 29
 27
 27
 27
 27
 28
 28
 28
 28
 29
 29
 29
 29
 34
 35
 36
 37
 35
 35
 35
 35
 36
 36
 36
 36
 37
 37
 37
 37
 42
 43
 44
 45
 43
 43
 43
 43
 44
 44
 44
 44
 45
 45
 45
 45
 51
 51
 52
 53
 51
 51
 51
 51
 52
 52
 52
 52
 53
 53
 53
 53
 59
 59
 60
 61
 59
 59
 59
 59
 60
 60
 60
 60
 61
 61
 61
 61
 68
 67
 68
 69
 67
 67
 67
 67
 68
 68
 68
 68
 69
 69
 69
 69
 76
 75
 76
 77
 75
 75
 75
 75
 76
 76
 76
 76
 77
 77
 77
 77
 85
 83
 84
 85
 83
 83
 83
 83
 84
 84
 84
 84
 85
 85
 85
 85
 93
 91
 92
 93
 91
 91
 91
 91
 92
 92
 92
 92
 93
 93
 93
 93
102
 99
100
101
 99
 99
 99
 99
100
100
100
100
101
101
101
101
110
107
108
109
107
107
107
107
108
108
107
107
109
109
108
108
119
115
115
116
115
115
117
117
115
115
120
120
116
116
123
123
127
125
129
132
125
125
132
132
128
128
133
133
131
131
133
133
136
138
138
136
140
140
140
140
141
141
141
141
141
141
141
141
 17
 18
 19
 21
 19
 19
 19
 19
 20
 20
 20
 20
 21
 21
 21
 21
 25
 27
 28
 29
 27
 27
 27
 27
 28
 28
 28
 28
 29
 29
 29
 29
 34
 35
 36
 37
 35
 35
 35
 35
 36
 36
 36
 36
 37
 37
 37
 37
 42
 43
 44
 45
 43
 43
 43
 43
 44
 44
 44
 44
 45
 45
 45
 45
 51
 51
 52
 53
 51
 51
 51
 51
 52
 52
 52
 52
 53
 53
 53
 53
 59
 59
 60
 61
 59
 59
 59
 59
 60
 60
 60
 60
 61
 61
 61
 61
 68
 67
 68
 69
 67
 67
 67
 67
 68
 68
 68
 68
 69
 69
 69
 69
 76
 75
 76
 77
 75
 75
 75
 75
 76
 76
 76
 76
 77
 77
 77
 77
 85
 83
 84
 85
 83
 83
 83
 83
 84
 84
 84
 84
 85
 85
 85
 85
 93
 91
 92
 93
 91
 91
 91
 91
 92
 92
 92
 92
 93
 93
 93
 93
102
 99
100
101
 99
 99
 99
 99
100
100
100
100
101
101
101
101
110
107
108
109
107
107
107
107
108
108
107
107
109
109
108
108
119
115
115
116
115
115
117
117
115
115
120
120
116
116
123
123
127
125
128
131
125
125
132
132
128
128
133
133
131
131
133
133
136
140
142
142
140
140
139
139
141
141
140
140
141
141
141
141
144
145
145
144
147
147
147
147
148
148
148
148
149
149
149
149
 25
 26
 27
 29
 27
 27
 27
 27
 28
 28
 28
 28
 29
 29
 29
 29
 34
 35
 36
 37
 35
 35
 35
 35
 36
 36
 36
 36
 37
 37
 37
 37
 42
 43
 44
 45
 43
 43
 43
 43
 44
 44
 44
 44
 45
 45
 45
 45
 51
 51
 52
 53
 51
 51
 51
 51
 52
 52
 52
 52
 53
 53
 53
 53
 59
 59
 60
 61
 59
 59
 59
 59
 60
 60
 60
 60
 61
 61
 61
 61
 68
 67
 68
 69
 67
 67
 67
 67
 68
 68
 68
 68
 69
 69
 69
 69
 76
 75
 76
 77
 75
 75
 75
 75
 76
 76
 76
 76
 77
 77
 77
 77
 85
 83
 84
 85
 83
 83
 83
 83
 84
 84
 84
 84
 85
 85
 85
 85
 93
 91
 92
 93
 91
 91
 91
 91
 92
 92
 92
 92
 93
 93
 93
 93
102
 99
100
101
 99
 99
 99
 99
100
100
100
100
101
101
101
101
110
107
108
109
107
107
107
107
108
108
107
107
109
109
108
108
119
115
115
116
115
115
117
117
115
115
120
120
116
116
123
123
127
125
128
131
125
125
132
132
128
128
133
133
131
131
133
133
136
140
141
141
140
140
139
139
141
141
140
140
141
141
141
141
144
147
149
150
147
147
147
147
148
148
148
148
149
149
149
149
153
153
153
152
155
155
155
155
156
156
156
156
157
157
157
157
 34
 34
 35
 37
 35
 35
 35
 35
 36
 36
 36
 36
 37
 37
 37
 37
 42
 43
 44
 45
 43
 43
 43
 43
 44
 44
 44
 44
 45
 45
 45
 45
 51
 51
 52
 53
 51
 51
 51
 51
 52
 52
 52
 52
 53
 53
 53
 53
 59
 59
 60
 61
 59
 59
 59
 59
 60
 60
 60
 60
 61
 61
 61
 61
 68
 67
 68
 69
 67
 67
 67
 67
 68
 68
 68
 68
 69
 69
 69
 69
 76
 75
 76
 77
 75
 75
 75
 75
 76
 76
 76
 76
 77
 77
 77
 77
 85
 83
 84
 85
 83
 83
 83
 83
 84
 84
 84
 84
 85
 85
 85
 85
 93
 91
 92
 93
 91
 91
 91
 91
 92
 92
 92
 92
 93
 93
 93
 93
102
 99
100
101
 99
 99
 99
 99
100
100
100
100
101
101
101
101
110
107
108
109
107
107
107
107
108
108
107
107
109
109
108
108
119
115
115
116
115
115
117
117
115
115
120
120
116
116
123
123
127
125
128
131
125
125
132
132
128
128
133
133
131
131
133
133
136
140
141
141
140
140
139
139
141
141
140
140
141
141
141
141
144
147
148
149
147
147
147
147
148
148
148
148
149
149
149
149
153
155
157
158
155
155
155
155
156
156
156
156
157
157
157
157
161
161
161
160
163
163
163
163
164
164
164
164
165
165
165
165
 42
 42
 43
 45
 43
 43
 43
 43
 44
 44
 44
 44
 45
 45
 45
 45
 51
 51
 52
 53
 51
 51
 51
 51
 52
 52
 52
 52
 53
 53
 53
 53
 59
 59
 60
 61
 59
 59
 59
 59
 60
 60
 60
 60
 61
 61
 61
 61
 68
 67
 68
 69
 67
 67
 67
 67
 68
 68
 68
 68
 69
 69
 69
 69
 76
 75
 76
 77
 75
 75
 75
 75
 76
 76
 76
 76
 77
 77
 77
 77
 85
 83
 84
 85
 83
 83
 83
 83
 84
 84
 84
 84
 85
 85
 85
 85
 93
 91
 92
 93
 91
 91
 91
 91
 92
 92
 92
 92
 93
 93
 93
 93
102
 99
100
101
 99
 99
 99
 99
100
100
100
100
101
101
101
101
110
107
108
109
107
107
107
107
108
108
107
107
109
109
108
108
119
115
115
116
115
115
117
117
115
115
120
120
116
116
123
123
127
125
128
131
125
125
132
132
128
128
133
133
131
131
133
133
136
140
141
141
140
140
139
139
141
141
140
140
141
141
141
141
144
147
148
149
147
147
147
147
148
148
148
148
149
149
149
149
153
155
156
157
155
155
155
155
156
156
156
156
157
157
157
157
161
163
165
166
163
163
163
163
164
164
164
164
165
165
165
165
170
169
169
168
171
171
171
171
172
172
172
172
173
173
173
173
 51
 50
 51
 53
 51
 51
 51
 51
 52
 52
 52
 52
 53
 53
 53
 53
 59
 59
 60
 61
 59
 59
 59
 59
 60
 60
 60
 60
 61
 61
 61
 61
 68
 67
 68
 69
 67
 67
 67
 67
 68
 68
 68
 68
 69
 69
 69
 69
 76
 75
 76
 77
 75
 75
 75
 75
 76
 76
 76
 76
 77
 77
 77
 77
 85
 83
 84
 85
 83
 83
 83
 83
 84
 84
 84
 84
 85
 85
 85
 85
 93
 91
 92
 93
 91
 91
 91
 91
 92
 92
 92
 92
 93
 93
 93
 93
102
 99
100
101
 99
 99
 99
 99
100
100
100
100
101
101
101
101
110
107
108
109
107
107
107
107
108
108
107
107
109
109
108
108
119
115
115
116
115
115
117
117
115
115
120
120
116
116
123
123
127
125
128
131
125
125
132
132
128
128
133
133
131
131
133
133
136
140
141
141
140
140
139
139
141
141
140
140
141
141
141
141
144
147
148
149
147
147
147
147
148
148
148
148
149
149
149
149
153
155
156
157
155
155
155
155
156
156
156
156
157
157
157
157
161
163
164
165
163
163
163
163
164
164
164
164
165
165
165
165
170
171
173
174
171
171
171
171
172
172
172
172
173
173
173
173
178
177
177
176
179
179
179
179
180
180
180
180
181
181
181
181
 59
 58
 59
 61
 59
 59
 59
 59
 60
 60
 60
 60
 61
 61
 61
 61
 68
 67
 68
 69
 67
 67
 67
 67
 68
 68
 68
 68
 69
 69
 69
 69
 76
 75
 76
 77
 75
 75
 75
 75
 76
 76
 76
 76
 77
 77
 77
 77
 85
 83
 84
 85
 83
 83
 83
 83
 84
 84
 84
 84
 85
 85
 85
 85
 93
 91
 92
 93
 91
 91
 91
 91
 92
 92
 92
 92
 93
 93
 93
 93
102
 99
100
101
 99
 99
 99
 99
100
100
100
100
101
101
101
101
110
107
108
109
107
107
107
107
108
108
107
107
109
109
108
108
119
115
115
116
115
115
117
117
115
115
120
120
116
116
123
123
127
125
128
131
125
125
132
132
128
128
133
133
131
131
133
133
136
140
141
141
140
140
139
139
141
141
140
140
141
141
141
141
144
147
148
149
147
147
147
147
148
148
148
148
149
149
149
149
153
155
156
157
155
155
155
155
156
156
156
156
157
157
157
157
161
163
164
165
163
163
163
163
164
164
164
164
165
165
165
165
170
171
172
173
171
171
171
171
172
172
172
172
173
173
173
173
178
179
181
182
179
179
179
179
180
180
180
180
181
181
181
181
187
185
185
184
187
187
187
187
188
188
188
188
189
189
189
189
 68
 66
 67
 69
 67
 67
 67
 67
 68
 68
 68
 68
 69
 69
 69
 69
 76
 75
 76
 77
 75
 75
 75
 75
 76
 76
 76
 76
 77
 77
 77
 77
 85
 83
 84
 85
 83
 83
 83
 83
 84
 84
 84
 84
 85
 85
 85
 85
 93
 91
 92
 93
 91
 91
 91
 91
 92
 92
 92
 92
 93
 93
 93
 93
102
 99
100
101
 99
 99
 99
 99
100
100
100
100
101
101
101
101
110
107
108
109
107
107
107
107
108
108
107
107
109
109
108
108
119
115
115
116
115
115
117
117
115
115
120
120
116
116
123
123
127
125
128
131
125
125
132
132
128
128
133
133
131
131
133
133
136
140
141
141
140
140
139
139
141
141
140
140
141
141
141
141
144
147
148
149
147
147
147
147
148
148
148
148
149
149
149
149
153
155
156
157
155
155
155
155
156
156
156
156
157
157
157
157
161
163
164
165
163
163
163
163
164
164
164
164
165
165
165
165
170
171
172
173
171
171
171
171
172
172
172
172
173
173
173
173
178
179
180
181
179
179
179
179
180
180
180
180
181
181
181
181
187
187
189
190
187
187
187
187
188
188
188
188
189
189
189
189
195
193
193
192
195
195
195
195
196
196
196
196
197
197
197
197
 76
 74
 75
 77
 75
 75
 75
 75
 76
 76
 76
 76
 77
 77
 77
 77
 85
 83
 84
 85
 83
 83
 83
 83
 84
 84
 84
 84
 85
 85
 85
 85
 93
 91
 92
 93
 91
 91
 91
 91
 92
 92
 92
 92
 93
 93
 93
 93
102
 99
100
101
 99
 99
 99
 99
100
100
100
100
101
101
101
101
110
107
108
109
107
107
107
107
108
108
107
107
109
109
108
108
119
115
115
116
115
115
117
117
115
115
120
120
116
116
123
123
127
125
128
131
125
125
132
132
128
128
133
133
131
131
133
133
136
140
141
141
140
140
139
139
141
141
140
140
141
141
141
141
144
147
148
149
147
147
147
147
148
148
148
148
149
149
149
149
153
155
156
157
155
155
155
155
156
156
156
156
157
157
157
157
161
163
164
165
163
163
163
163
164
164
164
164
165
165
165
165
170
171
172
173
171
171
171
171
172
172
172
172
173
173
173
173
178
179
180
181
179
179
179
179
180
180
180
180
181
181
181
181
187
187
188
189
187
187
187
187
188
188
188
188
189
189
189
189
195
195
197
198
195
195
195
195
196
196
196
196
197
197
197
197
204
201
201
200
203
203
203
203
204
204
204
204
205
205
205
205
 85
 82
 83
 85
 83
 83
 83
 83
 84
 84
 84
 84
 85
 85
 85
 85
 93
 91
 92
 93
 91
 91
 91
 91
 92
 92
 92
 92
 93
 93
 93
 93
102
 99
100
101
 99
 99
 99
 99
100
100
100
100
101
101
101
101
110
107
108
109
107
107
107
107
108
108
107
107
109
109
108
108
119
115
115
116
115
115
117
117
115
115
120
120
116
116
123
123
127
125
128
131
125
125
132
132
128
128
133
133
131
131
133
133
136
140
141
141
140
140
139
139
141
141
140
140
141
141
141
141
144
147
148
149
147
147
147
147
148
148
148
148
149
149
149
149
153
155
156
157
155
155
155
155
156
156
156
156
157
157
157
157
161
163
164
165
163
163
163
163
164
164
164
164
165
165
165
165
170
171
172
173
171
171
171
171
172
172
172
172
173
173
173
173
178
179
180
181
179
179
179
179
180
180
180
180
181
181
181
181
187
187
188
189
187
187
187
187
188
188
188
188
189
189
189
189
195
195
196
197
195
195
195
195
196
196
196
196
197
197
197
197
204
203
205
206
203
203
203
203
204
204
204
204
205
205
205
205
212
209
209
208
211
211
211
211
212
212
212
212
213
213
213
213
 93
 90
 91
 93
 91
 91
 91
 91
 92
 92
 92
 92
 93
 93
 93
 93
102
 99
100
101
 99
 99
 99
 99
100
100
100
100
101
101
101
101
110
107
108
109
107
107
107
107
108
108
107
107
109
109
108
108
119
115
115
116
115
115
117
117
115
115
120
120
116
116
123
123
127
125
128
131
125
125
132
132
128
128
133
133
131
131
133
133
136
140
141
141
140
140
139
139
141
141
140
140
141
141
141
141
144
147
148
149
147
147
147
147
148
148
148
148
149
149
149
149
153
155
156
157
155
155
155
155
156
156
156
156
157
157
157
157
161
163
164
165
163
163
163
163
164
164
164
164
165
165
165
165
170
171
172
173
171
171
171
171
172
172
172
172
173
173
173
173
178
179
180
181
179
179
179
179
180
180
180
180
181
181
181
181
187
187
188
189
187
187
187
187
188
188
188
188
189
189
189
189
195
195
196
197
195
195
195
195
196
196
196
196
197
197
197
197
204
203
204
205
203
203
203
203
204
204
204
204
205
205
205
205
212
211
213
214
211
211
211
211
212
212
212
212
213
213
213
213
221
217
217
216
219
219
219
219
220
220
220
220
221
221
221
221
102
 98
 99
101
 99
 99
 99
 99
100
100
100
100
101
101
101
101
110
107
108
109
107
107
107
107
108
108
107
107
109
109
108
108
119
115
115
116
115
115
117
117
115
115
120
120
116
116
123
123
127
125
128
131
125
125
132
132
128
128
133
133
131
131
133
133
136
140
141
141
140
140
139
139
141
141
140
140
141
141
141
141
144
147
148
149
147
147
147
147
148
148
148
148
149
149
149
149
153
155
156
157
155
155
155
155
156
156
156
156
157
157
157
157
161
163
164
165
163
163
163
163
164
164
164
164
165
165
165
165
170
171
172
173
171
171
171
171
172
172
172
172
173
173
173
173
178
179
180
181
179
179
179
179
180
180
180
180
181
181
181
181
187
187
188
189
187
187
187
187
188
188
188
188
189
189
189
189
195
195
196
197
195
195
195
195
196
196
196
196
197
197
197
197
204
203
204
205
203
203
203
203
204
204
204
204
205
205
205
205
212
211
212
213
211
211
211
211
212
212
212
212
213
213
213
213
221
219
221
222
219
219
219
219
220
220
220
220
221
221
221
221
229
225
225
224
227
227
227
227
228
228
228
228
229
229
229
229
110
106
107
109
107
107
107
107
108
108
108
107
109
109
109
108
119
115
115
116
115
115
117
117
115
115
120
120
116
116
123
123
127
125
128
131
125
125
132
132
128
128
133
133
131
131
133
133
136
140
141
141
140
140
139
139
141
141
140
140
141
141
141
141
144
147
148
149
147
147
147
147
148
148
148
148
149
149
149
149
153
155
156
157
155
155
155
155
156
156
156
156
157
157
157
157
161
163
164
165
163
163
163
163
164
164
164
164
165
165
165
165
170
171
172
173
171
171
171
171
172
172
172
172
173
173
173
173
178
179
180
181
179
179
179
179
180
180
180
180
181
181
181
181
187
187
188
189
187
187
187
187
188
188
188
188
189
189
189
189
195
195
196
197
195
195
195
195
196
196
196
196
197
197
197
197
204
203
204
205
203
203
203
203
204
204
204
204
205
205
205
205
212
211
212
213
211
211
211
211
212
212
212
212
213
213
213
213
221
219
220
221
219
219
219
219
220
220
220
220
221
221
221
221
229
227
229
230
227
227
227
227
228
228
228
228
229
229
229
229
238
233
233
232
235
235
235
235
236
236
236
236
237
237
237
237
119
114
114
116
115
115
115
117
117
117
117
121
118
118
118
124
127
125
128
131
125
125
132
132
129
129
134
134
132
132
134
134
136
140
141
141
140
140
139
139
142
142
141
141
142
142
142
142
144
147
148
149
147
147
147
147
149
149
149
149
150
150
150
150
153
155
156
157
155
155
155
155
157
157
157
157
158
158
158
158
161
163
164
165
163
163
163
163
165
165
165
165
166
166
166
166
170
171
172
173
171
171
171
171
173
173
173
173
174
174
174
174
178
179
180
181
179
179
179
179
181
181
181
181
182
182
182
182
187
187
188
189
187
187
187
187
189
189
189
189
190
190
190
190
195
195
196
197
195
195
195
195
197
197
197
197
198
198
198
198
204
203
204
205
203
203
203
203
205
205
205
205
206
206
206
206
212
211
212
213
211
211
211
211
213
213
213
213
214
214
214
214
221
219
220
221
219
219
219
219
221
221
221
221
222
222
222
222
229
227
228
229
227
227
227
227
229
229
229
229
230
230
230
230
238
235
237
238
235
235
235
235
237
237
237
237
238
238
238
238
246
241
241
240
243
243
243
243
245
245
245
245
246
246
246
246
127
124
127
131
121
121
121
130
121
121
121
130
120
120
120
128
136
140
141
141
138
138
137
137
138
138
137
137
136
136
136
136
144
147
148
149
145
145
145
145
145
145
145
145
144
144
144
144
153
155
156
157
153
153
153
153
153
153
153
153
152
152
152
152
161
163
164
165
161
161
161
161
161
161
161
161
160
160
160
160
170
171
172
173
169
169
169
169
169
169
169
169
168
168
168
168
178
179
180
181
177
177
177
177
177
177
177
177
176
176
176
176
187
187
188
189
185
185
185
185
185
185
185
185
184
184
184
184
195
195
196
197
193
193
193
193
193
193
193
193
192
192
192
192
204
203
204
205
201
201
201
201
201
201
201
201
200
200
200
200
212
211
212
213
209
209
209
209
209
209
209
209
208
208
208
208
221
219
220
221
217
217
217
217
217
217
217
217
216
216
216
216
229
227
228
229
225
225
225
225
225
225
225
225
224
224
224
224
238
235
236
237
233
233
233
233
233
233
233
233
232
232
232
232
246
243
245
246
241
241
241
241
241
241
241
241
240
240
240
240
255
249
249
248
249
249
249
249
249
249
249
249
248
248
248
248
$finish called from file "interpolator_super.sv", line 301.
$finish at simulation time                23205
           V C S   S i m u l a t i o n   R e p o r t 
Time: 23205
CPU Time:      0.310 seconds;       Data structure size:   0.0Mb
Sun Dec  9 00:39:52 2018
