Chronologic VCS simulator copyright 1991-2015
Contains Synopsys proprietary information.
Compiler version K-2015.09_Full64; Runtime version K-2015.09_Full64;  Dec  5 06:08 2018
  0
    1
    3
    5
    1
    1
    4
    6
    3
    3
    6
    8
    5
    6
    9
   10
  8
   10
   12
   15
    9
   11
   13
   16
   12
   13
   15
   17
   14
   16
   18
   20
 17
   18
   21
   23
   18
   19
   22
   23
   20
   21
   24
   26
   23
   24
   26
   28
 25
   27
   29
   31
   27
   28
   29
   32
   29
   30
   32
   34
   31
   33
   34
   37
 34
   36
   37
   40
   35
   36
   38
   41
   37
   39
   40
   43
   39
   41
   43
   45
 42
   44
   46
   48
   43
   45
   46
   49
   45
   47
   49
   52
   48
   49
   51
   54
 51
   52
   54
   57
   52
   53
   55
   58
   53
   56
   57
   61
   56
   58
   60
   63
 59
   61
   63
   66
   60
   61
   64
   66
   62
   64
   66
   68
   65
   66
   69
   70
 68
   69
   72
   73
   68
   70
   73
   74
   71
   72
   75
   76
   73
   74
   77
   79
 76
   78
   80
   82
   77
   79
   81
   83
   79
   81
   83
   85
   82
   84
   85
   88
 85
   87
   88
   91
   86
   87
   89
   92
   88
   89
   92
   94
   90
   92
   94
   96
 93
   94
   97
   99
   93
   95
   97
   99
   97
   97
   99
  101
   98
   99
  102
  104
102
  103
  106
  108
  102
  103
  107
  109
  104
  106
  109
  111
  107
  109
  111
  114
110
  112
  113
  116
  111
  113
  113
  117
  113
  115
  116
  119
  116
  117
  119
  121
119
  121
  123
  126
  119
  122
  124
  127
  122
  124
  126
  128
  124
  126
  129
  130
127
  127
  127
  127
  128
  128
  128
  128
  130
  130
  131
  130
  133
  133
  134
  133
  8
    9
   12
   14
   10
   11
   13
   16
   12
   13
   16
   18
   15
   15
   18
   21
 17
   19
   21
   23
   19
   20
   23
   24
   21
   22
   25
   26
   23
   25
   28
   29
 25
   27
   29
   31
   27
   29
   30
   33
   30
   31
   33
   35
   31
   34
   35
   37
 34
   36
   37
   40
   36
   37
   39
   42
   38
   40
   41
   44
   40
   41
   43
   46
 42
   44
   46
   48
   44
   45
   47
   50
   46
   48
   50
   53
   49
   49
   52
   55
 51
   52
   54
   57
   52
   54
   55
   59
   54
   56
   58
   62
   57
   58
   61
   64
 59
   61
   63
   66
   61
   62
   65
   68
   63
   65
   68
   69
   66
   67
   69
   71
 68
   69
   72
   73
   69
   70
   74
   75
   72
   73
   76
   77
   73
   75
   78
   79
 76
   78
   80
   82
   78
   80
   81
   84
   80
   82
   84
   86
   83
   85
   86
   89
 85
   87
   88
   91
   87
   88
   89
   93
   88
   90
   93
   95
   91
   92
   94
   97
 93
   94
   97
   99
   95
   95
   99
  100
   97
   98
  101
  102
   99
  100
  103
  104
102
  103
  105
  107
  103
  105
  107
  109
  106
  107
  109
  111
  107
  110
  111
  114
110
  112
  114
  117
  112
  113
  116
  119
  114
  116
  118
  120
  117
  118
  121
  123
119
  120
  122
  124
  120
  121
  124
  125
  123
  124
  126
  129
  125
  126
  129
  130
127
  129
  132
  134
  129
  131
  134
  135
  131
  133
  136
  138
  133
  135
  138
  140
136
  136
  137
  136
  138
  138
  139
  138
  140
  140
  141
  140
  142
  142
  142
  142
 17
   18
   20
   23
   18
   20
   21
   24
   21
   22
   24
   26
   23
   25
   26
   29
 25
   27
   30
   31
   27
   29
   31
   32
   29
   31
   33
   35
   31
   34
   35
   37
 34
   36
   38
   40
   36
   37
   39
   41
   38
   40
   41
   44
   40
   41
   44
   46
 42
   44
   46
   48
   44
   45
   47
   49
   46
   48
   50
   52
   48
   49
   52
   54
 51
   52
   54
   57
   52
   54
   55
   59
   54
   56
   58
   61
   57
   58
   60
   64
 59
   61
   63
   66
   61
   62
   65
   67
   63
   65
   67
   69
   66
   67
   69
   71
 68
   69
   72
   73
   69
   70
   73
   75
   71
   73
   76
   77
   73
   75
   78
   79
 76
   78
   80
   82
   78
   80
   81
   84
   80
   82
   84
   86
   82
   84
   85
   88
 85
   87
   88
   91
   87
   87
   89
   92
   88
   90
   92
   94
   91
   92
   94
   97
 93
   94
   97
   99
   94
   95
   98
  100
   97
   97
  100
  101
   99
  100
  103
  104
102
  103
  105
  107
  103
  104
  106
  109
  105
  107
  109
  111
  107
  109
  111
  114
110
  112
  114
  117
  112
  113
  116
  118
  114
  116
  118
  121
  117
  117
  121
  123
119
  120
  123
  125
  120
  121
  124
  126
  122
  123
  126
  129
  125
  126
  129
  131
127
  128
  131
  133
  128
  130
  132
  135
  131
  132
  135
  137
  133
  134
  137
  139
136
  137
  141
  143
  137
  139
  143
  145
  140
  141
  144
  146
  142
  143
  146
  149
144
  144
  145
  144
  146
  146
  146
  146
  148
  148
  149
  148
  150
  150
  152
  150
 25
   27
   29
   31
   27
   28
   30
   32
   29
   30
   33
   34
   31
   33
   35
   36
 34
   36
   38
   40
   36
   37
   39
   42
   37
   40
   41
   44
   40
   41
   44
   47
 42
   44
   46
   48
   44
   45
   48
   49
   46
   48
   49
   52
   48
   49
   51
   54
 51
   52
   54
   57
   52
   54
   55
   59
   54
   56
   58
   62
   57
   58
   60
   64
 59
   61
   63
   66
   61
   62
   65
   67
   63
   65
   67
   69
   66
   67
   69
   71
 68
   69
   72
   73
   69
   70
   73
   75
   72
   73
   76
   77
   73
   75
   78
   79
 76
   78
   80
   82
   78
   80
   81
   84
   80
   82
   84
   86
   82
   84
   85
   88
 85
   87
   88
   91
   87
   87
   89
   92
   88
   90
   93
   94
   91
   92
   94
   97
 93
   94
   97
   99
   94
   95
   98
  100
   97
   97
  100
  102
   99
  100
  103
  104
102
  103
  105
  107
  103
  105
  106
  109
  105
  107
  109
  111
  107
  109
  111
  114
110
  112
  114
  117
  112
  113
  116
  119
  114
  116
  118
  121
  117
  117
  121
  123
119
  120
  123
  125
  120
  121
  124
  126
  123
  124
  126
  128
  125
  126
  129
  131
127
  128
  131
  134
  128
  129
  132
  135
  131
  132
  135
  137
  133
  134
  137
  140
136
  137
  140
  142
  137
  139
  141
  144
  140
  141
  144
  145
  142
  143
  145
  147
144
  146
  149
  151
  146
  148
  150
  152
  148
  150
  153
  154
  150
  153
  155
  157
153
  153
  154
  153
  154
  154
  155
  154
  157
  157
  158
  157
  158
  158
  158
  158
 34
   35
   37
   39
   36
   36
   38
   41
   37
   38
   40
   43
   40
   40
   42
   45
 42
   44
   46
   49
   44
   45
   47
   50
   46
   48
   50
   53
   48
   49
   52
   55
 51
   52
   54
   57
   52
   54
   55
   59
   54
   56
   58
   62
   57
   58
   60
   64
 59
   61
   63
   66
   61
   62
   65
   67
   63
   65
   67
   69
   66
   67
   69
   71
 68
   69
   72
   73
   69
   70
   73
   75
   72
   73
   76
   77
   73
   75
   78
   79
 76
   78
   80
   82
   78
   80
   81
   84
   80
   82
   84
   86
   82
   84
   85
   88
 85
   87
   88
   91
   87
   87
   89
   92
   88
   90
   93
   94
   91
   92
   94
   97
 93
   94
   97
   99
   94
   95
   98
  100
   97
   97
  100
  102
   99
  100
  103
  104
102
  103
  105
  107
  103
  105
  106
  109
  105
  107
  109
  111
  107
  109
  111
  114
110
  112
  114
  117
  112
  113
  116
  119
  114
  116
  118
  121
  117
  117
  121
  123
119
  120
  123
  125
  120
  121
  124
  126
  123
  124
  126
  128
  125
  126
  129
  131
127
  128
  131
  133
  128
  129
  132
  134
  131
  132
  135
  137
  133
  134
  137
  139
136
  137
  140
  142
  137
  139
  141
  143
  140
  141
  144
  145
  142
  143
  145
  148
144
  146
  148
  150
  146
  148
  150
  151
  148
  149
  152
  153
  150
  152
  155
  155
153
  155
  158
  159
  154
  156
  159
  160
  157
  158
  161
  163
  158
  161
  163
  165
161
  161
  161
  161
  163
  163
  162
  163
  165
  165
  165
  165
  167
  167
  167
  167
 42
   43
   45
   48
   44
   45
   47
   49
   46
   47
   48
   52
   48
   49
   50
   53
 51
   52
   54
   57
   52
   54
   55
   59
   54
   56
   58
   62
   57
   58
   60
   64
 59
   61
   63
   66
   61
   62
   64
   67
   63
   65
   66
   69
   66
   67
   68
   71
 68
   69
   72
   73
   69
   70
   73
   75
   72
   73
   76
   77
   73
   75
   78
   79
 76
   78
   80
   82
   78
   80
   81
   84
   80
   82
   84
   86
   82
   84
   85
   88
 85
   87
   88
   91
   87
   87
   89
   92
   88
   90
   93
   94
   91
   92
   94
   97
 93
   94
   97
   99
   94
   95
   98
  100
   97
   97
  100
  102
   99
  100
  103
  104
102
  103
  105
  107
  103
  105
  106
  109
  105
  107
  109
  111
  107
  109
  111
  114
110
  112
  114
  117
  112
  113
  116
  119
  114
  116
  118
  121
  117
  117
  121
  123
119
  120
  123
  125
  120
  121
  124
  126
  123
  124
  126
  128
  125
  126
  129
  131
127
  128
  131
  133
  128
  129
  132
  134
  131
  132
  135
  137
  133
  134
  137
  139
136
  137
  140
  142
  137
  139
  141
  144
  140
  141
  144
  145
  142
  143
  145
  147
144
  146
  148
  150
  146
  148
  150
  151
  148
  149
  152
  154
  150
  152
  155
  156
153
  154
  157
  158
  154
  156
  158
  159
  157
  158
  161
  162
  158
  161
  163
  164
161
  163
  166
  168
  163
  164
  167
  169
  165
  167
  169
  172
  167
  169
  171
  174
170
  170
  170
  170
  171
  171
  172
  171
  173
  173
  173
  173
  175
  175
  175
  175
 51
   52
   53
   56
   52
   53
   54
   57
   54
   56
   57
   60
   57
   58
   59
   63
 59
   61
   63
   66
   61
   62
   65
   67
   63
   65
   67
   69
   66
   67
   69
   71
 68
   69
   71
   73
   69
   70
   73
   75
   72
   73
   75
   77
   73
   75
   77
   79
 76
   78
   80
   82
   78
   80
   81
   84
   80
   82
   84
   86
   82
   84
   85
   88
 85
   87
   88
   91
   87
   87
   89
   92
   88
   90
   93
   94
   91
   92
   94
   97
 93
   94
   97
   99
   94
   95
   98
  100
   97
   97
  100
  102
   99
  100
  103
  104
102
  103
  105
  107
  103
  105
  106
  109
  105
  107
  109
  111
  107
  109
  111
  114
110
  112
  114
  117
  112
  113
  116
  119
  114
  116
  118
  121
  117
  117
  121
  123
119
  120
  123
  125
  120
  121
  124
  126
  123
  124
  126
  128
  125
  126
  129
  131
127
  128
  131
  133
  128
  129
  132
  134
  131
  132
  135
  137
  133
  134
  137
  139
136
  137
  140
  142
  137
  139
  141
  144
  140
  141
  144
  145
  142
  143
  145
  147
144
  146
  148
  150
  146
  148
  150
  151
  148
  149
  152
  153
  150
  152
  154
  155
153
  154
  157
  159
  154
  156
  158
  161
  157
  158
  161
  163
  158
  161
  163
  166
161
  163
  165
  167
  163
  164
  166
  168
  165
  166
  169
  170
  167
  168
  171
  172
170
  172
  174
  176
  171
  173
  176
  178
  173
  176
  178
  180
  175
  177
  180
  182
178
  178
  178
  178
  180
  180
  180
  180
  182
  182
  182
  182
  185
  185
  185
  185
 59
   60
   62
   65
   61
   61
   63
   66
   63
   64
   66
   68
   66
   65
   68
   70
 68
   69
   72
   73
   69
   70
   73
   75
   72
   73
   76
   77
   73
   75
   78
   80
 76
   78
   80
   82
   78
   80
   81
   84
   80
   82
   84
   86
   82
   84
   85
   88
 85
   87
   88
   91
   87
   87
   89
   92
   88
   90
   93
   94
   91
   92
   94
   97
 93
   94
   97
   99
   94
   95
   98
  100
   97
   97
  100
  102
   99
  100
  103
  104
102
  103
  105
  107
  103
  105
  106
  109
  105
  107
  109
  111
  107
  109
  111
  114
110
  112
  114
  117
  112
  113
  116
  119
  114
  116
  118
  121
  117
  117
  121
  123
119
  120
  123
  125
  120
  121
  124
  126
  123
  124
  126
  128
  125
  126
  129
  131
127
  128
  131
  133
  128
  129
  132
  134
  131
  132
  135
  137
  133
  134
  137
  139
136
  137
  140
  142
  137
  139
  141
  144
  140
  141
  144
  145
  142
  143
  145
  147
144
  146
  148
  150
  146
  148
  150
  151
  148
  149
  152
  153
  150
  152
  154
  155
153
  154
  157
  158
  154
  156
  158
  159
  157
  158
  161
  162
  158
  161
  163
  164
161
  163
  165
  168
  163
  164
  166
  169
  165
  166
  169
  171
  167
  168
  171
  173
170
  171
  174
  175
  171
  173
  176
  176
  173
  175
  177
  179
  175
  177
  179
  181
178
  180
  183
  185
  180
  182
  184
  186
  182
  184
  187
  189
  185
  186
  189
  191
187
  187
  187
  187
  188
  188
  188
  188
  190
  190
  190
  190
  193
  193
  193
  193
 68
   68
   71
   73
   69
   69
   72
   75
   72
   72
   74
   77
   73
   74
   76
   79
 76
   78
   80
   83
   78
   80
   81
   85
   80
   82
   84
   86
   82
   84
   85
   89
 85
   87
   88
   91
   87
   87
   89
   92
   88
   90
   92
   94
   91
   92
   95
   97
 93
   94
   97
   99
   94
   95
   98
  100
   97
   97
  100
  102
   99
  100
  103
  104
102
  103
  105
  107
  103
  105
  106
  109
  105
  107
  109
  111
  107
  109
  111
  114
110
  112
  114
  117
  112
  113
  116
  119
  114
  116
  118
  121
  117
  117
  121
  123
119
  120
  123
  125
  120
  121
  124
  126
  123
  124
  126
  128
  125
  126
  129
  131
127
  128
  131
  133
  128
  129
  132
  134
  131
  132
  135
  137
  133
  134
  137
  139
136
  137
  140
  142
  137
  139
  141
  144
  140
  141
  144
  145
  142
  143
  145
  147
144
  146
  148
  150
  146
  148
  150
  151
  148
  149
  152
  153
  150
  152
  154
  155
153
  154
  157
  158
  154
  156
  158
  159
  157
  158
  161
  162
  158
  161
  163
  164
161
  163
  165
  167
  163
  164
  166
  168
  165
  166
  168
  170
  167
  168
  170
  172
170
  171
  174
  175
  171
  173
  176
  177
  173
  175
  177
  179
  175
  177
  179
  182
178
  180
  181
  184
  180
  181
  182
  185
  182
  184
  185
  189
  185
  186
  187
  191
187
  189
  191
  193
  188
  190
  192
  194
  190
  193
  195
  196
  193
  195
  197
  199
195
  195
  195
  195
  196
  196
  196
  196
  199
  199
  199
  199
  201
  201
  201
  201
 76
   77
   79
   82
   78
   78
   80
   84
   80
   81
   83
   86
   82
   82
   85
   88
 85
   87
   88
   91
   87
   88
   89
   92
   88
   91
   93
   94
   91
   93
   94
   97
 93
   94
   97
   99
   94
   95
   98
  100
   97
   97
  100
  102
   99
  100
  102
  104
102
  103
  105
  107
  103
  105
  106
  109
  105
  107
  109
  111
  107
  109
  111
  114
110
  112
  114
  117
  112
  113
  116
  119
  114
  116
  118
  121
  117
  117
  121
  123
119
  120
  123
  125
  120
  121
  124
  126
  123
  124
  126
  128
  125
  126
  129
  131
127
  128
  131
  133
  128
  129
  132
  134
  131
  132
  135
  137
  133
  134
  137
  139
136
  137
  140
  142
  137
  139
  141
  144
  140
  141
  144
  145
  142
  143
  145
  147
144
  146
  148
  150
  146
  148
  150
  151
  148
  149
  152
  153
  150
  152
  154
  155
153
  154
  157
  158
  154
  156
  158
  159
  157
  158
  161
  162
  158
  161
  163
  164
161
  163
  165
  167
  163
  164
  166
  168
  165
  166
  168
  170
  167
  168
  170
  172
170
  171
  173
  175
  171
  173
  175
  177
  173
  175
  177
  179
  175
  177
  179
  182
178
  180
  182
  185
  180
  181
  182
  187
  182
  184
  186
  189
  185
  186
  188
  191
187
  188
  190
  193
  188
  189
  191
  194
  190
  192
  194
  196
  193
  193
  196
  198
195
  197
  200
  201
  196
  198
  202
  203
  199
  200
  204
  205
  201
  202
  207
  207
204
  204
  204
  204
  205
  205
  206
  205
  208
  208
  208
  208
  209
  209
  210
  209
 85
   86
   88
   90
   87
   87
   89
   91
   88
   89
   93
   93
   91
   90
   95
   96
 93
   95
   97
   99
   94
   96
   99
  100
   97
   98
  101
  102
   99
  100
  103
  104
102
  103
  105
  107
  103
  105
  107
  109
  105
  107
  109
  111
  107
  109
  111
  114
110
  112
  114
  117
  112
  113
  116
  119
  114
  116
  118
  121
  117
  117
  121
  123
119
  120
  123
  125
  120
  121
  124
  126
  123
  124
  126
  128
  125
  126
  129
  131
127
  128
  131
  133
  128
  129
  132
  134
  131
  132
  135
  137
  133
  134
  137
  139
136
  137
  140
  142
  137
  139
  141
  144
  140
  141
  144
  145
  142
  143
  145
  147
144
  146
  148
  150
  146
  148
  150
  151
  148
  149
  152
  153
  150
  152
  154
  155
153
  154
  157
  158
  154
  156
  158
  159
  157
  158
  161
  162
  158
  161
  163
  164
161
  163
  165
  167
  163
  164
  166
  168
  165
  166
  168
  170
  167
  168
  170
  172
170
  171
  173
  175
  171
  173
  175
  177
  173
  175
  177
  179
  175
  177
  179
  182
178
  180
  182
  185
  180
  181
  182
  187
  182
  184
  186
  189
  185
  186
  188
  191
187
  188
  190
  193
  188
  189
  191
  194
  190
  192
  194
  197
  193
  193
  196
  199
195
  196
  199
  200
  196
  197
  200
  202
  199
  200
  203
  204
  201
  202
  205
  206
204
  205
  209
  210
  205
  207
  210
  212
  208
  209
  213
  214
  209
  211
  215
  217
212
  212
  213
  212
  214
  214
  215
  214
  216
  216
  217
  216
  219
  219
  220
  219
 93
   93
   97
   98
   94
   94
   98
   99
   97
   96
  100
  102
   99
   98
  102
  104
102
  103
  106
  107
  103
  105
  107
  109
  105
  107
  109
  111
  107
  109
  111
  114
110
  112
  114
  117
  112
  113
  115
  119
  114
  116
  117
  121
  117
  117
  120
  123
119
  120
  123
  125
  120
  121
  124
  126
  123
  124
  126
  128
  125
  126
  129
  131
127
  128
  131
  133
  128
  129
  132
  134
  131
  132
  135
  137
  133
  134
  137
  139
136
  137
  140
  142
  137
  139
  141
  144
  140
  141
  144
  145
  142
  143
  145
  147
144
  146
  148
  150
  146
  148
  150
  151
  148
  149
  152
  153
  150
  152
  154
  155
153
  154
  157
  158
  154
  156
  158
  159
  157
  158
  161
  162
  158
  161
  163
  164
161
  163
  165
  167
  163
  164
  166
  168
  165
  166
  168
  170
  167
  168
  170
  172
170
  171
  173
  175
  171
  173
  175
  177
  173
  175
  177
  179
  175
  177
  179
  182
178
  180
  182
  185
  180
  181
  182
  187
  182
  184
  186
  189
  185
  186
  188
  191
187
  188
  190
  193
  188
  189
  191
  194
  190
  192
  194
  196
  193
  193
  196
  199
195
  196
  199
  201
  196
  197
  201
  203
  199
  200
  203
  204
  201
  202
  205
  206
204
  205
  208
  209
  205
  206
  209
  211
  208
  209
  212
  214
  209
  210
  213
  216
212
  214
  217
  219
  214
  214
  218
  220
  216
  218
  221
  222
  219
  220
  223
  225
221
  221
  222
  221
  222
  222
  223
  222
  225
  225
  225
  225
  227
  227
  226
  227
102
  102
  104
  107
  103
  103
  106
  109
  106
  106
  108
  112
  108
  108
  110
  113
110
  112
  114
  117
  112
  113
  116
  119
  114
  116
  118
  121
  117
  117
  121
  123
119
  120
  122
  125
  120
  121
  123
  126
  123
  124
  126
  128
  125
  126
  129
  131
127
  128
  131
  133
  128
  129
  132
  134
  131
  132
  135
  137
  134
  135
  137
  139
136
  137
  140
  142
  137
  139
  141
  144
  140
  141
  144
  145
  142
  143
  145
  147
144
  146
  148
  150
  146
  148
  150
  151
  148
  150
  152
  153
  150
  152
  154
  155
153
  154
  157
  158
  154
  156
  158
  159
  157
  158
  161
  162
  159
  161
  163
  164
161
  163
  165
  167
  163
  164
  166
  168
  165
  167
  169
  170
  168
  168
  171
  172
170
  171
  173
  175
  171
  173
  175
  177
  174
  175
  177
  179
  175
  177
  178
  182
178
  180
  182
  185
  180
  181
  182
  187
  182
  184
  186
  189
  185
  186
  188
  191
187
  188
  190
  193
  188
  189
  191
  194
  190
  192
  194
  197
  193
  193
  196
  199
195
  196
  199
  201
  196
  197
  201
  203
  199
  200
  203
  204
  201
  203
  206
  206
204
  205
  208
  209
  205
  206
  209
  211
  208
  209
  212
  214
  209
  210
  213
  217
212
  214
  216
  218
  214
  215
  217
  219
  216
  217
  220
  222
  219
  219
  222
  223
221
  222
  225
  227
  222
  223
  227
  228
  225
  226
  230
  230
  227
  228
  232
  232
229
  229
  229
  229
  230
  230
  230
  230
  233
  233
  233
  233
  235
  235
  235
  235
110
  111
  113
  116
  112
  112
  115
  117
  113
  114
  117
  120
  116
  116
  119
  121
119
  120
  123
  125
  120
  121
  124
  126
  122
  124
  126
  128
  124
  126
  129
  130
127
  128
  131
  133
  128
  129
  132
  134
  131
  132
  135
  137
  133
  134
  136
  139
136
  137
  140
  142
  137
  138
  141
  143
  140
  141
  144
  145
  142
  142
  145
  147
144
  146
  148
  150
  146
  148
  150
  151
  148
  149
  152
  153
  150
  151
  154
  155
153
  154
  157
  158
  154
  156
  158
  159
  157
  157
  160
  161
  158
  160
  162
  163
161
  163
  165
  167
  163
  164
  166
  168
  165
  166
  168
  170
  167
  168
  170
  172
170
  171
  173
  175
  171
  172
  174
  177
  174
  175
  177
  179
  175
  177
  178
  181
178
  180
  182
  185
  180
  181
  183
  187
  181
  184
  185
  188
  184
  185
  187
  191
187
  188
  190
  193
  188
  189
  191
  194
  190
  191
  194
  196
  193
  193
  196
  199
195
  196
  199
  201
  196
  197
  200
  202
  199
  200
  203
  204
  200
  202
  205
  206
204
  205
  208
  209
  205
  206
  209
  211
  208
  209
  211
  213
  209
  210
  213
  216
212
  214
  216
  219
  214
  215
  217
  220
  216
  217
  220
  223
  218
  219
  222
  224
221
  222
  224
  226
  222
  223
  226
  227
  224
  224
  228
  230
  226
  227
  231
  232
229
  231
  234
  235
  230
  232
  236
  236
  233
  235
  238
  239
  235
  237
  240
  241
238
  238
  238
  238
  239
  239
  239
  239
  241
  241
  241
  241
  243
  243
  243
  243
119
  119
  122
  124
  121
  121
  124
  126
  123
  123
  126
  129
  126
  126
  128
  131
127
  129
  131
  133
  129
  131
  133
  135
  132
  134
  136
  138
  134
  136
  137
  139
136
  137
  140
  142
  137
  139
  141
  143
  141
  142
  145
  147
  143
  144
  146
  148
144
  146
  148
  150
  146
  148
  150
  151
  149
  151
  153
  154
  151
  152
  155
  156
153
  154
  157
  158
  155
  156
  158
  160
  158
  158
  161
  162
  159
  161
  163
  164
161
  163
  165
  167
  163
  165
  166
  168
  166
  167
  169
  171
  168
  169
  170
  173
170
  171
  173
  175
  172
  173
  174
  177
  174
  176
  178
  180
  176
  177
  179
  183
178
  180
  182
  185
  180
  181
  183
  187
  183
  185
  186
  189
  185
  187
  188
  191
187
  188
  190
  193
  189
  189
  192
  194
  191
  192
  194
  197
  193
  194
  196
  200
195
  196
  199
  201
  197
  198
  201
  203
  200
  201
  204
  206
  201
  203
  206
  207
204
  205
  208
  209
  205
  206
  209
  211
  209
  210
  213
  215
  210
  211
  214
  217
212
  214
  216
  219
  214
  215
  217
  221
  217
  218
  221
  223
  219
  220
  223
  225
221
  222
  225
  227
  222
  224
  226
  229
  225
  226
  229
  231
  227
  228
  232
  233
229
  230
  233
  235
  231
  231
  235
  237
  234
  234
  238
  240
  235
  237
  239
  241
238
  240
  243
  244
  240
  241
  245
  246
  243
  245
  247
  250
  244
  246
  250
  251
246
  245
  246
  246
  248
  247
  248
  248
  251
  250
  251
  251
  253
  253
  253
  253
127
  128
  130
  133
  127
  128
  130
  133
  127
  128
  130
  133
  127
  128
  130
  132
136
  138
  140
  142
  136
  138
  140
  142
  137
  138
  140
  142
  136
  138
  140
  142
144
  146
  148
  150
  144
  146
  148
  149
  145
  146
  149
  150
  144
  146
  148
  150
153
  154
  157
  158
  153
  154
  157
  157
  154
  154
  158
  158
  153
  154
  157
  158
161
  163
  165
  167
  161
  163
  165
  167
  161
  163
  165
  167
  161
  163
  165
  166
170
  171
  173
  175
  170
  171
  173
  175
  170
  171
  173
  174
  170
  170
  172
  174
178
  180
  182
  185
  178
  180
  181
  186
  178
  181
  182
  186
  178
  180
  182
  185
187
  188
  190
  193
  187
  187
  189
  193
  187
  189
  190
  193
  187
  188
  190
  193
195
  196
  199
  201
  195
  196
  199
  201
  195
  196
  199
  201
  195
  196
  198
  201
204
  205
  208
  209
  204
  205
  208
  210
  204
  205
  209
  210
  204
  204
  208
  209
212
  214
  216
  219
  212
  214
  215
  219
  213
  214
  217
  220
  212
  213
  216
  219
221
  222
  225
  227
  221
  222
  225
  227
  222
  222
  225
  227
  221
  222
  225
  227
229
  230
  233
  235
  229
  230
  233
  235
  229
  230
  233
  235
  229
  230
  233
  234
238
  239
  241
  243
  238
  239
  241
  244
  238
  238
  242
  244
  238
  239
  241
  243
246
  248
  251
  253
  245
  247
  251
  253
  246
  249
  251
  254
  246
  248
  251
  253
255
  255
  255
  255
  255
  255
  255
  255
  255
  255
  255
  255
  255
  255
  255
  255
$finish called from file "interpolator_super.sv", line 301.
$finish at simulation time                23205
           V C S   S i m u l a t i o n   R e p o r t 
Time: 23205
CPU Time:      0.700 seconds;       Data structure size:   0.0Mb
Wed Dec  5 06:08:21 2018
