Chronologic VCS simulator copyright 1991-2015
Contains Synopsys proprietary information.
Compiler version K-2015.09_Full64; Runtime version K-2015.09_Full64;  Dec  5 06:21 2018
  0
    0
    0
16383
    0
    0
16383
    0
    0
    0
    0
16380
16383
16383
    0
    4
  8
    0
    0
16383
    0
    3
    3
16368
    0
    0
    0
16380
    0
    0
16383
    7
 17
16383
    0
    0
16383
   16
    0
    4
16382
   27
16380
    0
    0
   15
    0
    0
 25
16383
   15
   31
    0
16368
    0
16383
    7
16380
16383
16380
   31
    4
    4
    1
 34
    0
    0
    0
   30
16383
    0
    3
    0
    0
    0
16383
    0
    0
16383
    0
 42
16383
    0
16383
    0
   15
    0
   16
   29
   27
    0
   27
    0
   15
16383
    4
 51
   14
   27
    3
   14
16383
16383
    0
   27
16380
16383
    1
    1
    4
    1
    0
 59
    0
    0
   63
    3
    3
16383
    0
16382
    0
    0
16383
   63
16383
16383
    1
 68
16383
   14
    3
    0
16383
    3
    0
16368
   24
   30
16383
    3
   16
    1
    0
 76
    7
16380
    3
    3
    0
16383
    0
16380
16383
   27
16383
    1
    0
   11
    0
 85
16383
   60
    0
    0
   15
    6
    0
   59
   27
   30
16382
    0
    3
   12
    0
 93
16376
16380
    0
    6
   15
    0
    0
16368
   23
16380
16383
    3
   15
    0
    0
102
    1
   47
    9
    1
16383
    0
16382
   63
16380
16383
    1
    7
16383
    1
    0
110
   32
   13
   17
   29
16383
    0
16383
16376
    0
16383
16383
    3
    0
    0
    0
119
   15
   11
   33
16376
16383
    1
    0
    6
16376
16380
16383
   30
    3
    1
    0
127
    1
   13
    9
16383
16383
    3
    0
   13
16383
16380
16383
    4
16383
    0
    0
  8
    0
    0
    0
    0
    0
    0
    0
    0
    0
16383
16380
16383
    0
    0
    0
 17
16383
   13
    0
16383
    0
    0
    4
   13
16383
16380
16380
    0
    0
    0
    0
 25
16383
    7
   31
16383
16368
    4
    0
    7
16380
    0
16380
16383
    4
    0
    0
 34
    0
    0
    0
   31
    0
16382
    4
16383
16380
16383
16383
    0
    0
    0
    0
 42
16383
    0
16383
    0
    0
    0
    0
   30
    0
    0
16383
16383
    0
16383
    0
 51
   14
   27
    3
   13
16368
16383
   16
   27
16380
    0
   11
    3
    4
16383
    4
 59
    0
    0
   63
    0
    3
16383
    0
16382
16380
16380
16383
   63
16383
    3
    0
 68
16383
   14
    3
   61
    0
16383
    0
16383
16383
    0
16383
    3
    0
    0
    0
 76
    7
16380
    3
    7
    0
   15
    0
16380
16380
    3
16383
    3
    4
    4
    0
 85
16383
   60
    0
16383
    1
   64
16383
   58
16380
   27
16382
    0
    1
   12
    0
 93
16376
16380
    0
16376
   15
    6
    0
16380
   23
16383
16383
    1
   15
    0
    0
102
    1
   47
   11
    1
    3
    0
    0
   47
   27
   27
    0
   11
   31
   15
    0
110
   30
    0
    3
   30
    3
    0
    0
16376
16383
16383
16383
    3
    0
    1
    0
119
16382
    0
16383
16382
16383
16383
    0
    6
16376
16383
   30
   31
16383
    1
    3
127
16376
16376
16382
16376
   31
    3
16383
   13
16380
16383
16383
    3
   15
    0
    0
136
16376
16376
16382
  118
16383
    7
    0
   26
16380
16383
16383
    0
    0
   15
    0
 17
16383
16382
    0
16383
16383
    2
    0
    0
    0
    0
    0
    0
16383
    0
    0
 25
16383
    7
16383
16383
    0
    3
    0
    7
    0
    0
16380
   31
    0
16383
    3
 34
    0
16383
    0
    0
    0
    0
    3
16383
16380
16383
16383
    0
16383
    0
    0
 42
16383
    0
16383
16383
   15
    0
    7
    0
   31
    0
   31
16383
   15
16383
    3
 51
   14
   27
    3
   13
    0
16383
    0
   27
16380
    0
    0
    3
    4
16383
    0
 59
    0
    0
   63
    0
    4
16383
    0
    0
16380
    0
16380
   63
16383
    3
    4
 68
16383
   14
    3
16382
    0
    3
    0
   13
   27
   31
16383
    3
    0
   15
    0
 76
    7
16380
    3
    6
    0
16383
    0
16380
    0
    0
16383
    3
    0
    4
    0
 85
16383
   60
    0
16383
   15
    3
16383
   58
   27
   31
16382
    0
    3
   12
    0
 93
16376
16380
    0
16376
    3
    0
    0
16380
16376
16380
16383
    0
    0
    0
    0
102
    1
   47
   11
    1
    3
    0
    0
   47
   27
   27
    0
   11
   32
    1
    0
110
   30
16377
    3
   30
   15
   15
    0
16377
   31
   27
16383
    3
    7
    5
    0
119
16382
    6
   30
16382
16383
    7
    1
    6
    0
    3
    1
   31
16383
    3
    7
127
16376
   13
    2
16376
    0
    3
    0
   13
   10
    0
16383
    3
   15
    1
    0
136
  118
16382
    0
  125
    3
16383
    0
   29
16383
    0
    0
    0
    0
    3
    0
144
    4
   16
    0
    3
16383
    0
    0
   22
    0
16383
    0
   23
    4
    0
16383
 25
    0
    7
   31
16383
    0
    0
    0
   15
    0
    0
    0
   31
    0
    3
    0
 34
   31
16383
    0
    0
    0
    7
    4
    0
16383
   23
16380
    0
    5
   31
    0
 42
16383
    0
16383
16383
   15
    0
    7
    0
   31
    0
   31
16383
   15
16383
    3
 51
   14
   27
    3
   14
16368
16383
    0
   27
16380
    0
16380
    3
    4
16383
    0
 59
    0
    0
   63
    0
    3
16383
    0
    0
    0
    0
    0
   63
16383
    3
    4
 68
16383
   14
    3
16383
    0
    3
    0
   14
   27
   31
16380
    3
    0
   15
    0
 76
    7
16380
    3
    7
16368
16383
    0
16380
16380
16380
16383
    3
    0
    4
    0
 85
16383
   60
    0
16383
   15
    3
    0
   60
   31
   31
16382
    0
    3
   12
    0
 93
16376
16380
    0
16376
    3
   15
    0
16380
16376
16383
16383
    0
    0
    0
    0
102
    1
   47
   11
    1
   15
    0
    0
   47
   31
   27
    0
   11
   32
    1
    0
110
   30
16377
    3
   30
   15
   15
    0
16377
   27
   30
16383
    3
    7
    5
    0
119
16382
    6
   31
16382
16376
    8
    1
    6
16376
16380
    3
   31
16383
    3
    3
127
16376
   13
    3
16376
   31
16383
16383
   13
   15
16383
    0
    3
   15
16383
    0
136
  118
16380
    0
  118
   15
    0
    0
   30
   15
16383
16382
    0
   32
    0
    0
144
    7
   22
   16
    3
16383
   31
16383
   22
    0
   31
    0
   23
    3
   15
16383
153
16380
   27
    0
16376
    0
16383
    0
16352
   31
   31
16383
   11
   15
    7
    0
 34
   30
    0
    0
    0
16383
    0
    0
    0
    0
    0
16383
    0
    0
16383
    0
 42
    0
   30
16383
16383
    0
16376
   15
    0
16376
   27
   31
16383
    0
   35
    3
 51
   13
   27
    3
   14
16368
    0
    0
   27
16380
    0
16380
    3
    4
    7
    0
 59
    0
    0
   63
    0
    3
16383
    0
    0
    0
    0
    0
   63
16383
    3
    4
 68
16383
   14
    3
16383
    0
    3
    0
   14
   27
   31
16380
    3
    0
   15
    0
 76
    7
16380
    3
    7
16368
16383
    0
16380
16380
16380
16383
    3
    0
    4
    0
 85
16383
   60
    0
16383
   15
    3
    0
   60
   31
   31
16382
    0
    3
   12
    0
 93
16376
16380
    0
16376
    3
   15
    0
16380
16376
16383
16383
    0
    0
    0
    0
102
    1
   47
   11
    1
   15
    0
    0
   47
   31
   27
    0
   11
   32
    1
    0
110
   30
16377
    3
   30
   15
   15
    0
16377
   27
   30
16383
    3
    7
    5
    0
119
16382
    6
   31
16382
16376
    8
    1
    6
16376
16380
    3
   31
16383
    3
    3
127
16376
   13
    3
16376
   31
   14
16383
   13
   15
   23
16383
    3
   15
   29
    0
136
  118
   26
    0
  118
16383
16383
16383
   30
   14
    0
16383
    0
   31
   32
    0
144
    3
   22
   21
    3
    0
    3
    0
   22
   15
    1
    0
   23
    3
    2
    0
153
16377
16380
    1
16376
    2
16368
    0
16352
16380
    0
    0
   11
    0
16382
    0
161
16376
16381
    0
    8
16368
    3
    0
16354
    0
16376
    0
    2
    0
    1
    0
 42
    0
   29
    0
16383
    0
16383
    0
    0
16376
    0
16383
16383
    0
    0
    0
 51
   13
   27
    3
   14
    0
   31
    0
   27
16380
   31
16380
    3
    0
   16
    0
 59
    0
    0
   63
    0
16383
16368
    0
    0
    0
16376
    0
   63
16383
    3
    4
 68
16383
   14
    3
16383
    0
    3
    0
   14
   27
   31
16380
    3
    0
   15
    0
 76
    7
16380
    3
    7
16368
16383
    0
16380
16380
16380
16383
    3
    0
    4
    0
 85
16383
   60
    0
16383
   15
    3
    0
   60
   31
   31
16382
    0
    3
   12
    0
 93
16376
16380
    0
16376
    3
   15
    0
16380
16376
16383
16383
    0
    0
    0
    0
102
    1
   47
   11
    1
   15
    0
    0
   47
   31
   27
    0
   11
   32
    1
    0
110
   30
16377
    3
   30
   15
   15
    0
16377
   27
   30
16383
    3
    7
    5
    0
119
16382
    6
   31
16382
16376
    8
    1
    6
16376
16380
    3
   31
16383
    3
    3
127
16376
   13
    3
16376
   31
   14
16383
   13
   15
   23
16383
    3
   15
   29
    0
136
  118
   30
    0
  118
16383
16369
16383
   30
   14
16380
16383
    0
   31
   32
    0
144
    3
   22
   23
    3
   15
16383
    0
   22
   15
16376
    0
   23
    3
    1
    1
153
16376
   31
   11
16376
    0
16383
    0
16352
    0
   30
16383
   11
16383
   15
    1
161
16376
    0
    2
    8
    8
16376
16383
16354
16380
16380
    0
    2
    0
    2
16383
170
16383
    8
    7
   24
    0
    7
    0
    8
    0
   13
    0
    3
16383
   17
    0
 51
   14
   27
    1
   14
    0
16383
    0
   27
    1
16382
    0
    3
    3
    0
    0
 59
    0
16382
   63
    0
    3
16375
    0
    0
16380
   23
16383
   63
16383
    3
    4
 68
16382
   13
    3
16383
    3
    3
    0
   14
   15
    0
16380
    3
    0
   15
    0
 76
    7
16380
    3
    7
16368
16383
    0
16380
16380
16380
16383
    3
    0
    4
    0
 85
16383
   60
    0
16383
   15
    3
    0
   60
   31
   31
16382
    0
    3
   12
    0
 93
16376
16380
    0
16376
    3
   15
    0
16380
16376
16383
16383
    0
    0
    0
    0
102
    1
   47
   11
    1
   15
    0
    0
   47
   31
   27
    0
   11
   32
    1
    0
110
   30
16377
    3
   30
   15
   15
    0
16377
   27
   30
16383
    3
    7
    5
    0
119
16382
    6
   31
16382
16376
    8
    1
    6
16376
16380
    3
   31
16383
    3
    3
127
16376
   13
    3
16376
   31
   14
16383
   13
   15
   23
16383
    3
   15
   29
    0
136
  118
   30
    0
  118
16383
16369
16383
   30
   14
16380
16383
    0
   31
   32
    0
144
    3
   22
   23
    3
   15
16383
    0
   22
   15
16376
    0
   23
    3
    1
    1
153
16376
16352
   11
16376
    0
16383
    0
16352
    0
16383
16380
   11
    0
16383
    0
161
16377
16354
    2
    8
    0
16379
    0
16354
    0
16376
    0
    2
    0
    1
    0
170
   23
16362
    0
   24
   31
    1
    0
    8
   13
   31
    0
    3
   16
   63
    0
178
16381
   14
   14
    0
    0
   15
    0
  124
    0
   15
    0
   11
    0
    6
    0
 59
    3
16382
   63
    0
    0
   63
    0
    0
    0
   30
16383
   63
    0
    3
    0
 68
   61
16383
    3
16383
    7
    7
    0
   14
16383
   27
16380
    3
    0
   16
    0
 76
    6
16380
    3
    7
    0
16383
    0
16380
16383
16380
16383
    3
    0
    4
    0
 85
16383
   60
    0
16383
   15
    3
    0
   60
   31
   31
16382
    0
    3
   12
    0
 93
16376
16380
    0
16376
    3
   15
    0
16380
16376
16383
16383
    0
    0
    0
    0
102
    1
   47
   11
    1
   15
    0
    0
   47
   31
   27
    0
   11
   32
    1
    0
110
   30
16377
    3
   30
   15
   15
    0
16377
   27
   30
16383
    3
    7
    5
    0
119
16382
    6
   31
16382
16376
    8
    1
    6
16376
16380
    3
   31
16383
    3
    3
127
16376
   13
    3
16376
   31
   14
16383
   13
   15
   23
16383
    3
   15
   29
    0
136
  118
   30
    0
  118
16383
16369
16383
   30
   14
16380
16383
    0
   31
   32
    0
144
    3
   22
   23
    3
   15
16383
    0
   22
   15
16376
    0
   23
    3
    1
    1
153
16376
16352
   11
16376
    0
16383
    0
16352
    0
    0
16380
   11
    0
    0
    0
161
    8
16354
    2
    8
    0
    3
    0
16354
    0
    0
16383
    2
    0
    2
    0
170
   24
    7
    7
   24
16383
    7
    1
    8
16383
   15
    0
    3
    0
   16
    2
178
    3
  125
   16
    0
    0
16376
16383
  124
16383
    0
    0
   11
    0
    0
    0
187
    0
  127
    5
    3
    0
16376
    0
16355
16368
    0
    0
    0
    0
    0
    0
 68
    0
16368
    3
16383
    0
    3
    0
   14
    0
16380
    0
    3
    0
   61
    0
 76
    7
16380
    3
    7
    0
16383
    0
16380
16383
   27
16383
    3
    0
    3
    1
 85
16383
   58
    0
16383
   15
    3
    0
   60
   31
   31
16382
    0
    3
    0
    0
 93
16376
16380
    0
16376
    3
   15
    0
16380
16376
16383
16383
    0
    0
    0
    0
102
    1
   47
   11
    1
   15
    0
    0
   47
   31
   27
    0
   11
   32
    1
    0
110
   30
16377
    3
   30
   15
   15
    0
16377
   27
   30
16383
    3
    7
    5
    0
119
16382
    6
   31
16382
16376
    8
    1
    6
16376
16380
    3
   31
16383
    3
    3
127
16376
   13
    3
16376
   31
   14
16383
   13
   15
   23
16383
    3
   15
   29
    0
136
  118
   30
    0
  118
16383
16369
16383
   30
   14
16380
16383
    0
   31
   32
    0
144
    3
   22
   23
    3
   15
16383
    0
   22
   15
16376
    0
   23
    3
    1
    1
153
16376
16352
   11
16376
    0
16383
    0
16352
    0
    0
16380
   11
    0
    0
    0
161
    8
16354
    2
    8
    0
16383
    0
16354
    0
    0
16383
    2
    0
    2
    0
170
   24
    7
    3
   24
    0
16383
    0
    8
16383
   12
    1
    3
    0
    7
    1
178
    0
  123
   11
    0
    0
   15
    0
  124
    0
   15
    1
   11
    0
   16
    0
187
16383
16355
    0
    3
    0
16383
    0
16355
16380
    0
    0
    0
    3
    0
    0
195
    0
  123
    3
16383
    0
16383
    0
  119
    0
    0
16383
    3
    0
    0
16383
 76
    3
16380
    1
    7
16383
   15
    0
16380
    0
   27
16383
    3
    0
   11
    1
 85
16383
   58
    0
16383
    7
   64
    0
   60
   31
   27
16382
    0
    3
   12
    0
 93
16376
16380
    0
16376
    3
   15
    0
16380
16376
16382
16383
    0
    0
    0
    0
102
    1
   47
   11
    1
   15
    0
    0
   47
   31
   27
    0
   11
   32
    1
    0
110
   30
16377
    3
   30
   15
   15
    0
16377
   27
   30
16383
    3
    7
    5
    0
119
16382
    6
   31
16382
16376
    8
    1
    6
16376
16380
    3
   31
16383
    3
    3
127
16376
   13
    3
16376
   31
   14
16383
   13
   15
   23
16383
    3
   15
   29
    0
136
  118
   30
    0
  118
16383
16369
16383
   30
   14
16380
16383
    0
   31
   32
    0
144
    3
   22
   23
    3
   15
16383
    0
   22
   15
16376
    0
   23
    3
    1
    1
153
16376
16352
   11
16376
    0
16383
    0
16352
    0
    0
16380
   11
    0
    0
    0
161
    8
16354
    2
    8
    0
16383
    0
16354
    0
    0
16383
    2
    0
    2
    0
170
   24
    8
    3
   24
    0
16383
    0
    8
16383
   12
    1
    3
    0
    0
    1
178
    0
  124
   11
    0
    0
16379
    0
  124
    0
   12
16383
   11
    0
   15
    0
187
    2
16355
    3
    3
16383
16379
    0
16355
    0
    1
16383
    0
16383
    0
    0
195
16383
  127
    4
16383
    1
    7
    0
  119
16380
    0
    0
    3
    1
    1
    0
204
   78
  124
    0
    1
    0
    7
16383
  116
    0
    0
    0
    3
16383
    1
    0
 85
    0
   59
    0
16383
    0
   64
    0
   60
16383
   24
16383
    0
16383
   31
16383
 93
16376
16380
    1
16376
    3
16383
    0
16380
16376
16380
    7
    0
    0
    0
    1
102
    1
   47
   11
    1
   15
    0
    0
   47
   31
   31
    0
   11
   33
    2
    0
110
   30
16377
    3
   30
   15
   15
    0
16377
   27
   30
16383
    3
    7
    5
    0
119
16382
    6
   31
16382
16376
    8
    1
    6
16376
16380
    3
   31
16383
    3
    3
127
16376
   13
    3
16376
   31
   14
16383
   13
   15
   23
16383
    3
   15
   29
    0
136
  118
   30
    0
  118
16383
16369
16383
   30
   14
16380
16383
    0
   31
   32
    0
144
    3
   22
   23
    3
   15
16383
    0
   22
   15
16376
    0
   23
    3
    1
    1
153
16376
16352
   11
16376
    0
16383
    0
16352
    0
    0
16380
   11
    0
    0
    0
161
    8
16354
    2
    8
    0
16383
    0
16354
    0
    0
16383
    2
    0
    2
    0
170
   24
    8
    3
   24
    0
16383
    0
    8
16383
   12
    1
    3
    0
    0
    1
178
    0
  124
   11
    0
    0
16379
    0
  124
    0
   12
16383
   11
    0
   15
    0
187
    3
16355
    0
    3
    0
16379
    0
16355
    0
16378
16383
    0
16383
    0
    0
195
16383
  126
    3
16383
    0
    0
    1
  119
16383
16383
    1
    3
16383
    3
    0
204
    3
  124
    3
    1
   15
    0
16383
  116
   15
16382
    0
    3
    4
    0
    0
212
    0
   12
    0
    2
    0
    0
16383
    6
    0
    0
    0
    3
    1
    0
16383
 93
    6
16368
    3
16376
    3
16383
    1
16380
16376
    0
    0
    0
    0
    0
    0
102
    1
   47
   11
    1
   15
    3
    0
   47
   31
    0
16383
   11
   32
    0
    0
110
   30
16377
    3
   30
   15
   15
    0
16377
   27
   31
16383
    3
    7
    5
    0
119
16382
    6
   31
16382
16376
    8
    1
    6
16376
16380
    3
   31
16383
    3
    3
127
16376
   13
    3
16376
   31
   14
16383
   13
   15
   23
16383
    3
   15
   29
    0
136
  118
   30
    0
  118
16383
16369
16383
   30
   14
16380
16383
    0
   31
   32
    0
144
    3
   22
   23
    3
   15
16383
    0
   22
   15
16376
    0
   23
    3
    1
    1
153
16376
16352
   11
16376
    0
16383
    0
16352
    0
    0
16380
   11
    0
    0
    0
161
    8
16354
    2
    8
    0
16383
    0
16354
    0
    0
16383
    2
    0
    2
    0
170
   24
    8
    3
   24
    0
16383
    0
    8
16383
   12
    1
    3
    0
    0
    1
178
    0
  124
   11
    0
    0
16379
    0
  124
    0
   12
16383
   11
    0
   15
    0
187
    3
16355
    0
    3
    0
16377
    0
16355
    0
16377
    0
    0
16383
    0
    0
195
16383
  127
    3
16383
    0
    0
    1
  119
    0
   15
    1
    3
16383
    0
    0
204
    4
  119
    3
    1
    0
   16
16383
  116
    0
   12
16383
    3
    0
    0
16383
212
    4
    0
    0
    2
16380
    2
    0
    6
16380
    0
16383
    3
16383
    1
    0
221
16373
    0
16383
   48
16383
    0
16383
    8
    0
16380
    0
   14
    0
    0
    0
102
    1
   63
    7
    1
    7
    4
16383
   47
    0
    0
16383
    9
    0
    1
    0
110
   30
16376
    3
   30
   15
   15
    0
    0
   27
   31
    0
    3
    7
    5
    0
119
16382
    6
   31
16382
16376
    8
    1
    6
16376
    0
    3
   30
    0
    3
    3
127
16376
   13
    3
16376
   31
   14
16383
   13
   15
   24
16380
    3
   15
   29
    0
136
  118
   30
    0
  118
16383
16369
16383
   26
   14
16376
16383
    0
   31
   31
    0
144
    3
   22
   23
    3
   15
16383
    0
   22
    7
    0
    0
   23
    4
    0
    1
153
16376
16352
   11
16376
    0
16383
    0
16352
    0
    0
16380
   11
    0
16383
    0
161
    8
16354
    2
    8
    0
16383
    0
16354
    0
    0
    0
    2
    0
   16
    0
170
   24
    8
    3
   24
    0
16383
    0
    7
16380
   11
    1
    3
    0
    0
    1
178
    0
  124
   11
    0
    0
16379
    0
  124
16383
    9
16383
   11
    0
   14
    0
187
    3
16355
    0
    3
    0
16377
    0
16355
    0
16377
16383
    0
16383
    0
    0
195
16383
  119
    3
16383
    0
16383
    0
  127
    0
   15
    1
    3
16383
    0
    0
204
    1
  116
    3
    1
    0
    0
16383
  116
    0
16382
16383
    3
    1
   31
    0
212
    2
    5
    0
    2
   15
    1
    0
    6
    0
16383
16383
    0
    4
    8
    0
221
   49
    7
   14
   48
    0
    7
    0
    8
16380
    3
16383
   13
    0
    1
    0
229
   49
    6
   62
   62
16383
    1
16383
   23
    0
    3
    0
   63
    0
    0
    0
110
   29
16376
    3
   32
    3
    0
    7
   13
16380
   30
    1
   17
    0
    3
    0
119
16382
    6
   31
16382
16376
    8
    0
    0
16376
16380
16383
16383
    1
    3
    0
127
16376
   13
    3
16376
    1
   14
16383
   13
16383
16380
16380
    2
    0
    3
    0
136
  118
   30
    0
  118
   15
16369
16383
16380
   11
16376
16383
    0
   35
   29
    0
144
    3
   22
   23
    3
   15
    3
16383
   22
16376
16383
    0
   21
    4
16383
    1
153
16376
16352
   11
16376
    7
16383
    0
   31
   31
    0
16380
   11
    6
    0
    0
161
    8
16354
    2
16377
    0
    3
    1
16354
    0
    7
    1
    2
    0
    1
    0
170
   24
    8
    3
   24
    0
   13
    0
    7
16383
   11
    0
    7
    0
    0
    0
178
    0
  124
   11
    0
    3
16379
    0
  123
16376
    8
16383
   11
    4
   15
    0
187
    3
16355
    0
    2
    0
   25
    0
16355
16383
16377
16383
    3
    0
16383
    0
195
16383
  119
    3
16383
    0
16383
    0
  126
    0
    0
    1
    3
    0
   31
    0
204
    1
  116
    3
    4
    0
    0
16383
  119
    0
16382
16383
    3
    0
    0
16383
212
    2
    6
    0
    2
   15
    2
    3
    5
   29
    3
16383
    0
    3
    8
    1
221
   48
    8
   13
   48
    0
    0
    0
    8
16380
16380
    0
   13
    0
    0
    0
229
   62
   20
   63
   62
    0
16382
    0
   23
16383
16382
16383
   63
    0
16383
    0
238
   48
   21
   62
   31
    0
16382
    0
   23
    0
16383
   14
   67
    0
    0
   32
119
16376
    6
   30
   15
    3
    8
    0
   11
16380
16383
16383
   33
    4
    5
    0
127
16376
   13
    3
16376
   31
   13
    0
16376
   15
16383
16383
16382
   15
    7
    0
136
  125
   29
    0
  118
    0
    3
16383
16382
   15
16381
16380
    0
    4
    4
16383
144
    3
   22
   23
    7
16383
    3
    0
   22
   23
    0
    0
   16
   15
16383
    1
153
16376
16352
   11
16377
    0
16383
16383
16380
    0
    0
16380
    1
16383
    0
    0
161
    8
16354
    2
16376
    1
16383
    1
    0
    0
    0
    1
    2
    0
    0
    0
170
   24
    8
    3
   23
    0
16383
    0
16362
    0
   10
16383
    0
    0
    7
    2
178
    0
  124
   11
    3
    0
16370
    0
  125
16383
    4
16383
   16
    0
    0
    0
187
    3
16355
    0
16383
    3
   25
    0
16355
   27
16376
16383
    0
   15
    1
    0
195
16383
  119
    3
16383
    0
   30
    0
  127
16383
    0
    1
    4
    0
   46
    0
204
    1
  116
    3
    3
16383
    0
    0
  124
    0
16382
16383
    3
    0
    0
    0
212
    2
    6
    3
    4
   15
    2
    0
    0
   29
    0
    1
    0
    2
    0
    0
221
   48
    8
   13
   49
16380
    0
    0
    7
16380
16380
    6
   14
16383
    0
    3
229
   62
   23
   63
   62
    0
    0
    0
   20
16383
16380
16383
   63
    2
    2
    0
238
   16
   23
   63
   16
    0
    0
    0
   23
    1
    1
    7
   63
    0
    1
    0
246
   16
   28
   34
   19
    0
    0
    0
   27
    0
16383
    3
   19
    0
    1
    2
127
16383
   13
    4
    1
    7
16383
16383
   13
   27
16382
16383
    9
   19
    3
16383
136
  118
   26
    0
16376
   30
16383
    0
16376
   14
16380
16383
16382
   33
    7
    0
144
    3
   22
   23
    4
    0
    3
    0
   16
    7
16381
16380
    0
    0
    5
    1
153
16376
16352
   11
16380
16375
    2
    0
   27
   27
    0
16380
    0
   15
16383
    0
161
    8
16354
    2
16376
    0
16383
16383
16381
    0
    0
    0
    0
    0
16383
    0
170
   24
    8
    3
16383
16383
16383
    0
    8
   15
16383
    1
    7
    7
    0
    0
178
    0
  124
   11
16381
    0
16379
    1
   14
    0
    9
    0
   14
    0
    9
    0
187
    3
16355
    0
    0
    0
16370
    0
  127
    1
    8
    0
    5
    0
    0
    0
195
16383
  119
    3
    0
    3
   30
    0
  123
16380
   13
    1
    3
    4
   33
    0
204
    1
  116
    3
   78
    0
   16
    0
  124
16383
16380
16383
    0
    0
   30
    0
212
    2
    6
    3
    0
16383
    2
    0
   12
16383
    7
    1
    0
    0
    0
    0
221
   48
    8
   14
16373
    0
    0
16383
    0
16380
    0
16383
16383
16383
    0
    0
229
   62
   23
   63
   49
    0
    0
    0
    6
    0
16380
16383
   62
    4
    2
    1
238
   31
   23
   67
   48
    0
16383
    1
   21
    2
16380
    1
   62
    0
    0
    1
246
   19
   27
   19
   16
16383
    0
    4
   28
    3
16381
    2
   34
    2
    0
    2
255
    0
   27
   19
    0
    0
    0
    0
   27
    0
    0
    1
   19
    0
    1
    2
$finish called from file "interpolator_super.sv", line 301.
$finish at simulation time                23205
           V C S   S i m u l a t i o n   R e p o r t 
Time: 23205
CPU Time:      0.530 seconds;       Data structure size:   0.0Mb
Wed Dec  5 06:21:51 2018
