Chronologic VCS simulator copyright 1991-2015
Contains Synopsys proprietary information.
Compiler version K-2015.09_Full64; Runtime version K-2015.09_Full64;  Dec  5 06:17 2018
  0
    0
    3
16383
    0
    1
    3
  207
    3
    4
    7
  134
16383
16383
    2
  278
  8
    9
   13
    6
    9
   10
   14
    7
   12
   13
   17
   10
    7
    8
   12
    5
 17
   18
   21
   15
   17
   18
   21
   15
   21
   22
   25
   19
   16
   17
   20
   14
 25
   26
   30
   23
   26
   27
   31
   24
   30
   31
   35
   28
   24
   25
   29
   22
 34
   35
   39
   32
   34
   35
   39
   32
   38
   39
   43
   36
   33
   34
   38
   31
 42
   43
   47
   40
   43
   44
   47
   41
   47
   48
   52
   45
   41
   42
   46
   39
 51
   52
   56
   49
   51
   52
   56
   49
   56
   57
   61
   54
   50
   51
   55
   48
 59
   60
   65
   57
   60
   61
   65
   58
   65
   66
   71
   63
   58
   59
   64
   56
 68
   69
   74
   66
   68
   69
   75
   66
   73
   74
   80
   71
   67
   68
   73
   65
 76
   77
   83
   74
   77
   78
   83
   75
   82
   83
   89
   80
   75
   76
   82
   73
 85
   86
   91
   83
   85
   86
   91
   83
   91
   92
   98
   89
   84
   85
   90
   82
 93
   94
  100
   91
   94
   95
  100
   92
  100
  101
  107
   98
   92
   93
   99
   90
102
  103
  109
  100
  102
  103
  110
  100
  108
  109
  116
  106
  101
  102
  108
   99
110
  111
  117
  108
  111
  112
  117
  109
  117
  118
  124
  115
  109
  110
  116
  107
119
  120
  127
  117
  119
  120
  127
  117
  126
  127
  134
  124
  118
  119
  126
  116
127
  127
  131
  126
  128
  128
  132
  126
  135
  135
  139
  133
  126
  126
  130
  125
  8
    9
   12
    7
    9
   10
   13
16368
   13
   13
   17
16368
    6
    7
   10
   53
 17
   18
   22
   15
   18
   19
   23
   16
   22
   23
   27
   20
   15
   16
   20
   13
 25
   26
   30
   23
   26
   27
   31
   24
   30
   32
   36
   28
   23
   24
   27
   21
 34
   35
   39
   32
   35
   36
   40
   33
   39
   40
   44
   37
   32
   33
   37
   30
 42
   43
   47
   40
   43
   44
   48
   41
   48
   49
   53
   46
   40
   41
   45
   38
 51
   52
   56
   49
   52
   53
   57
   50
   57
   58
   62
   55
   49
   50
   54
   47
 59
   60
   65
   57
   60
   61
   66
   58
   66
   67
   72
   63
   57
   58
   63
   55
 68
   69
   74
   66
   69
   70
   75
   67
   74
   75
   81
   72
   66
   67
   71
   64
 76
   77
   83
   74
   77
   78
   84
   75
   83
   84
   90
   81
   74
   75
   81
   72
 85
   86
   91
   83
   86
   87
   92
   84
   92
   93
   98
   90
   83
   84
   89
   81
 93
   94
  100
   91
   94
   95
  101
   92
  101
  102
  108
   99
   91
   92
   98
   89
102
  103
  109
  100
  103
  104
  110
  101
  109
  110
  117
  107
  100
  101
  106
   98
110
  111
  118
  108
  111
  112
  119
  109
  118
  119
  126
  116
  108
  109
  116
  106
119
  120
  126
  117
  120
  121
  127
  118
  127
  128
  135
  125
  117
  118
  123
  115
127
  128
  135
  125
  128
  129
  136
  126
  136
  137
  144
  134
  125
  126
  133
  123
136
  136
  140
  134
  137
  137
  141
  135
  144
  144
  148
  143
  134
  134
  138
  132
 17
   17
   21
   16
   18
   18
   22
   33
   21
   22
   26
   36
   15
   15
   19
16378
 25
   26
   30
   23
   26
   27
   31
   24
   30
   31
   35
   28
   23
   24
   28
   21
 34
   35
   39
   32
   35
   36
   40
   33
   39
   40
   44
   37
   32
   33
   37
   30
 42
   43
   47
   40
   43
   44
   48
   41
   47
   48
   53
   45
   40
   41
   45
   38
 51
   52
   56
   49
   52
   53
   57
   50
   56
   57
   62
   54
   49
   50
   54
   47
 59
   60
   65
   57
   60
   61
   66
   58
   65
   66
   71
   63
   57
   58
   63
   55
 68
   69
   74
   66
   69
   70
   75
   67
   74
   75
   81
   72
   66
   67
   72
   64
 76
   77
   83
   74
   77
   78
   84
   75
   83
   84
   89
   80
   74
   75
   81
   72
 85
   86
   91
   83
   86
   87
   92
   84
   91
   92
   98
   89
   83
   84
   89
   81
 93
   94
  100
   91
   94
   95
  101
   92
  100
  101
  107
   98
   91
   92
   98
   89
102
  103
  109
  100
  103
  104
  110
  101
  109
  110
  117
  107
  100
  101
  107
   98
110
  111
  118
  108
  111
  112
  119
  109
  118
  119
  125
  116
  108
  109
  116
  106
119
  120
  126
  117
  120
  121
  127
  118
  126
  127
  134
  124
  117
  118
  124
  115
127
  128
  135
  125
  128
  129
  136
  126
  135
  136
  143
  133
  125
  126
  133
  123
136
  137
  144
  134
  137
  138
  145
  135
  144
  145
  153
  142
  134
  135
  142
  132
144
  144
  148
  143
  145
  145
  149
  144
  153
  153
  157
  151
  142
  142
  146
  141
 25
   26
   30
   24
   26
   27
   31
   25
   30
   30
   35
   29
   23
   24
   28
   22
 34
   35
   39
   32
   35
   36
   40
   33
   39
   40
   44
   37
   32
   33
   37
   30
 42
   43
   47
   40
   43
   44
   48
   41
   47
   48
   53
   45
   40
   41
   45
   38
 51
   52
   56
   49
   52
   53
   57
   50
   56
   57
   62
   54
   49
   50
   54
   47
 59
   60
   65
   57
   60
   61
   66
   58
   65
   66
   71
   63
   57
   58
   63
   55
 68
   69
   74
   66
   69
   70
   75
   67
   74
   75
   81
   72
   66
   67
   72
   64
 76
   77
   83
   74
   77
   78
   84
   75
   83
   84
   89
   80
   74
   75
   81
   72
 85
   86
   91
   83
   86
   87
   92
   84
   91
   92
   98
   89
   83
   84
   89
   81
 93
   94
  100
   91
   94
   95
  101
   92
  100
  101
  107
   98
   91
   92
   98
   89
102
  103
  109
  100
  103
  104
  110
  101
  109
  110
  117
  107
  100
  101
  107
   98
110
  111
  118
  108
  111
  112
  119
  109
  118
  119
  125
  116
  108
  109
  116
  106
119
  120
  126
  117
  120
  121
  127
  118
  126
  127
  134
  124
  117
  118
  124
  115
127
  128
  135
  125
  128
  129
  136
  126
  135
  136
  143
  133
  125
  126
  133
  123
136
  137
  143
  134
  137
  138
  144
  135
  144
  145
  152
  142
  134
  135
  141
  132
144
  145
  153
  142
  145
  146
  154
  143
  153
  154
  162
  151
  142
  143
  151
  140
153
  153
  158
  151
  154
  154
  159
  152
  161
  161
  167
  160
  151
  151
  156
  149
 34
   34
   38
   33
   35
   35
   39
   34
   39
   39
   43
   38
   32
   32
   36
   31
 42
   43
   48
   40
   43
   44
   49
   41
   47
   48
   54
   45
   40
   41
   46
   38
 51
   52
   56
   49
   52
   53
   57
   50
   56
   57
   62
   54
   49
   50
   54
   47
 59
   60
   65
   57
   60
   61
   66
   58
   65
   66
   71
   63
   57
   58
   63
   55
 68
   69
   74
   66
   69
   70
   75
   67
   74
   75
   81
   72
   66
   67
   72
   64
 76
   77
   83
   74
   77
   78
   84
   75
   83
   84
   89
   80
   74
   75
   81
   72
 85
   86
   91
   83
   86
   87
   92
   84
   91
   92
   98
   89
   83
   84
   89
   81
 93
   94
  100
   91
   94
   95
  101
   92
  100
  101
  107
   98
   91
   92
   98
   89
102
  103
  109
  100
  103
  104
  110
  101
  109
  110
  117
  107
  100
  101
  107
   98
110
  111
  118
  108
  111
  112
  119
  109
  118
  119
  125
  116
  108
  109
  116
  106
119
  120
  126
  117
  120
  121
  127
  118
  126
  127
  134
  124
  117
  118
  124
  115
127
  128
  135
  125
  128
  129
  136
  126
  135
  136
  143
  133
  125
  126
  133
  123
136
  137
  144
  134
  137
  138
  145
  135
  144
  145
  153
  142
  134
  135
  142
  132
144
  145
  152
  142
  145
  146
  153
  143
  153
  154
  161
  151
  142
  143
  150
  140
153
  154
  162
  151
  154
  155
  163
  152
  161
  162
  171
  159
  151
  152
  160
  149
161
  161
  166
  160
  162
  162
  167
  161
  170
  170
  175
  169
  159
  159
  164
  158
 42
   43
   47
   41
   43
   44
   48
   42
   47
   48
   53
   46
   40
   41
   45
   39
 51
   52
   57
   49
   52
   53
   58
   50
   56
   57
   63
   54
   49
   50
   55
   47
 59
   60
   65
   57
   60
   61
   66
   58
   65
   66
   71
   63
   57
   58
   63
   55
 68
   69
   74
   66
   69
   70
   75
   67
   74
   75
   81
   72
   66
   67
   72
   64
 76
   77
   83
   74
   77
   78
   84
   75
   83
   84
   89
   80
   74
   75
   81
   72
 85
   86
   91
   83
   86
   87
   92
   84
   91
   92
   98
   89
   83
   84
   89
   81
 93
   94
  100
   91
   94
   95
  101
   92
  100
  101
  107
   98
   91
   92
   98
   89
102
  103
  109
  100
  103
  104
  110
  101
  109
  110
  117
  107
  100
  101
  107
   98
110
  111
  118
  108
  111
  112
  119
  109
  118
  119
  125
  116
  108
  109
  116
  106
119
  120
  126
  117
  120
  121
  127
  118
  126
  127
  134
  124
  117
  118
  124
  115
127
  128
  135
  125
  128
  129
  136
  126
  135
  136
  143
  133
  125
  126
  133
  123
136
  137
  144
  134
  137
  138
  145
  135
  144
  145
  153
  142
  134
  135
  142
  132
144
  145
  153
  142
  145
  146
  154
  143
  153
  154
  161
  151
  142
  143
  151
  140
153
  154
  161
  151
  154
  155
  162
  152
  161
  162
  170
  159
  151
  152
  159
  149
161
  162
  170
  159
  162
  163
  171
  160
  170
  171
  179
  168
  159
  160
  168
  157
170
  170
  175
  168
  171
  171
  176
  169
  179
  179
  184
  177
  168
  168
  173
  166
 51
   51
   56
   50
   52
   52
   57
   51
   56
   57
   62
   55
   49
   49
   54
   48
 59
   60
   66
   57
   60
   61
   67
   58
   65
   66
   72
   63
   57
   58
   64
   55
 68
   69
   74
   66
   69
   70
   75
   67
   74
   75
   81
   72
   66
   67
   72
   64
 76
   77
   83
   74
   77
   78
   84
   75
   83
   84
   89
   80
   74
   75
   81
   72
 85
   86
   91
   83
   86
   87
   92
   84
   91
   92
   98
   89
   83
   84
   89
   81
 93
   94
  100
   91
   94
   95
  101
   92
  100
  101
  107
   98
   91
   92
   98
   89
102
  103
  109
  100
  103
  104
  110
  101
  109
  110
  117
  107
  100
  101
  107
   98
110
  111
  118
  108
  111
  112
  119
  109
  118
  119
  125
  116
  108
  109
  116
  106
119
  120
  126
  117
  120
  121
  127
  118
  126
  127
  134
  124
  117
  118
  124
  115
127
  128
  135
  125
  128
  129
  136
  126
  135
  136
  143
  133
  125
  126
  133
  123
136
  137
  144
  134
  137
  138
  145
  135
  144
  145
  153
  142
  134
  135
  142
  132
144
  145
  153
  142
  145
  146
  154
  143
  153
  154
  161
  151
  142
  143
  151
  140
153
  154
  161
  151
  154
  155
  162
  152
  161
  162
  170
  159
  151
  152
  159
  149
161
  162
  170
  159
  162
  163
  171
  160
  170
  171
  179
  168
  159
  160
  168
  157
170
  171
  179
  168
  171
  172
  180
  169
  179
  180
  189
  177
  168
  169
  177
  166
178
  178
  183
  177
  179
  179
  184
  178
  188
  188
  193
  186
  176
  176
  181
  175
 59
   60
   65
   58
   60
   61
   66
   59
   65
   66
   71
   64
   57
   58
   63
   56
 68
   69
   74
   66
   69
   70
   75
   67
   74
   75
   80
   72
   66
   67
   72
   64
 76
   77
   83
   74
   77
   78
   84
   75
   83
   84
   89
   80
   74
   75
   81
   72
 85
   86
   91
   83
   86
   87
   92
   84
   91
   92
   98
   89
   83
   84
   89
   81
 93
   94
  100
   91
   94
   95
  101
   92
  100
  101
  107
   98
   91
   92
   98
   89
102
  103
  109
  100
  103
  104
  110
  101
  109
  110
  117
  107
  100
  101
  107
   98
110
  111
  118
  108
  111
  112
  119
  109
  118
  119
  125
  116
  108
  109
  116
  106
119
  120
  126
  117
  120
  121
  127
  118
  126
  127
  134
  124
  117
  118
  124
  115
127
  128
  135
  125
  128
  129
  136
  126
  135
  136
  143
  133
  125
  126
  133
  123
136
  137
  144
  134
  137
  138
  145
  135
  144
  145
  153
  142
  134
  135
  142
  132
144
  145
  153
  142
  145
  146
  154
  143
  153
  154
  161
  151
  142
  143
  151
  140
153
  154
  161
  151
  154
  155
  162
  152
  161
  162
  170
  159
  151
  152
  159
  149
161
  162
  170
  159
  162
  163
  171
  160
  170
  171
  179
  168
  159
  160
  168
  157
170
  171
  178
  168
  171
  172
  179
  169
  179
  180
  188
  177
  168
  169
  176
  166
178
  179
  188
  176
  179
  180
  189
  177
  188
  189
  198
  186
  176
  177
  186
  174
187
  187
  193
  185
  188
  188
  194
  186
  196
  196
  203
  195
  185
  185
  191
  183
 68
   68
   73
   67
   69
   69
   74
   68
   74
   74
   79
   73
   66
   66
   71
   65
 76
   77
   83
   74
   77
   78
   84
   75
   83
   84
   90
   80
   74
   75
   81
   72
 85
   86
   91
   83
   86
   87
   92
   84
   91
   92
   98
   89
   83
   84
   89
   81
 93
   94
  100
   91
   94
   95
  101
   92
  100
  101
  107
   98
   91
   92
   98
   89
102
  103
  109
  100
  103
  104
  110
  101
  109
  110
  117
  107
  100
  101
  107
   98
110
  111
  118
  108
  111
  112
  119
  109
  118
  119
  125
  116
  108
  109
  116
  106
119
  120
  126
  117
  120
  121
  127
  118
  126
  127
  134
  124
  117
  118
  124
  115
127
  128
  135
  125
  128
  129
  136
  126
  135
  136
  143
  133
  125
  126
  133
  123
136
  137
  144
  134
  137
  138
  145
  135
  144
  145
  153
  142
  134
  135
  142
  132
144
  145
  153
  142
  145
  146
  154
  143
  153
  154
  161
  151
  142
  143
  151
  140
153
  154
  161
  151
  154
  155
  162
  152
  161
  162
  170
  159
  151
  152
  159
  149
161
  162
  170
  159
  162
  163
  171
  160
  170
  171
  179
  168
  159
  160
  168
  157
170
  171
  179
  168
  171
  172
  180
  169
  179
  180
  189
  177
  168
  169
  177
  166
178
  179
  187
  176
  179
  180
  188
  177
  188
  189
  197
  186
  176
  177
  185
  174
187
  188
  197
  185
  188
  189
  198
  186
  196
  198
  207
  194
  185
  186
  195
  183
195
  195
  201
  194
  196
  196
  202
  195
  205
  205
  211
  204
  193
  193
  199
  192
 76
   77
   82
   75
   77
   78
   83
   76
   83
   83
   89
   81
   74
   75
   80
   73
 85
   86
   92
   83
   86
   87
   93
   84
   91
   92
   99
   89
   83
   84
   90
   81
 93
   94
  100
   91
   94
   95
  101
   92
  100
  101
  107
   98
   91
   92
   98
   89
102
  103
  109
  100
  103
  104
  110
  101
  109
  110
  117
  107
  100
  101
  107
   98
110
  111
  118
  108
  111
  112
  119
  109
  118
  119
  125
  116
  108
  109
  116
  106
119
  120
  126
  117
  120
  121
  127
  118
  126
  127
  134
  124
  117
  118
  124
  115
127
  128
  135
  125
  128
  129
  136
  126
  135
  136
  143
  133
  125
  126
  133
  123
136
  137
  144
  134
  137
  138
  145
  135
  144
  145
  153
  142
  134
  135
  142
  132
144
  145
  153
  142
  145
  146
  154
  143
  153
  154
  161
  151
  142
  143
  151
  140
153
  154
  161
  151
  154
  155
  162
  152
  161
  162
  170
  159
  151
  152
  159
  149
161
  162
  170
  159
  162
  163
  171
  160
  170
  171
  179
  168
  159
  160
  168
  157
170
  171
  179
  168
  171
  172
  180
  169
  179
  180
  189
  177
  168
  169
  177
  166
178
  179
  188
  176
  179
  180
  189
  177
  188
  189
  198
  186
  176
  177
  186
  174
187
  188
  196
  185
  188
  189
  197
  186
  196
  198
  206
  194
  185
  186
  194
  183
195
  196
  206
  193
  196
  197
  207
  194
  205
  206
  216
  203
  193
  194
  204
  191
204
  204
  210
  202
  205
  205
  211
  203
  214
  214
  220
  212
  202
  202
  208
  200
 85
   85
   91
   84
   86
   86
   92
   85
   91
   92
   98
   90
   83
   83
   89
   82
 93
   94
  101
   91
   94
   95
  102
   92
  100
  101
  108
   98
   91
   92
   99
   89
102
  103
  109
  100
  103
  104
  110
  101
  109
  110
  117
  107
  100
  101
  107
   98
110
  111
  118
  108
  111
  112
  119
  109
  118
  119
  125
  116
  108
  109
  116
  106
119
  120
  126
  117
  120
  121
  127
  118
  126
  127
  134
  124
  117
  118
  124
  115
127
  128
  135
  125
  128
  129
  136
  126
  135
  136
  143
  133
  125
  126
  133
  123
136
  137
  144
  134
  137
  138
  145
  135
  144
  145
  153
  142
  134
  135
  142
  132
144
  145
  153
  142
  145
  146
  154
  143
  153
  154
  161
  151
  142
  143
  151
  140
153
  154
  161
  151
  154
  155
  162
  152
  161
  162
  170
  159
  151
  152
  159
  149
161
  162
  170
  159
  162
  163
  171
  160
  170
  171
  179
  168
  159
  160
  168
  157
170
  171
  179
  168
  171
  172
  180
  169
  179
  180
  189
  177
  168
  169
  177
  166
178
  179
  188
  176
  179
  180
  189
  177
  188
  189
  198
  186
  176
  177
  186
  174
187
  188
  196
  185
  188
  189
  197
  186
  196
  198
  206
  194
  185
  186
  194
  183
195
  196
  205
  193
  196
  197
  206
  194
  205
  206
  216
  203
  193
  194
  203
  191
204
  205
  214
  202
  205
  206
  215
  203
  214
  215
  225
  212
  202
  203
  212
  200
212
  212
  218
  211
  213
  213
  219
  212
  223
  223
  229
  221
  210
  210
  216
  209
 93
   94
  100
   92
   94
   95
  101
   93
  100
  101
  107
   99
   91
   92
   98
   90
102
  103
  109
  100
  103
  104
  110
  101
  109
  110
  116
  107
  100
  101
  107
   98
110
  111
  118
  108
  111
  112
  119
  109
  118
  119
  125
  116
  108
  109
  116
  106
119
  120
  126
  117
  120
  121
  127
  118
  126
  127
  134
  124
  117
  118
  124
  115
127
  128
  135
  125
  128
  129
  136
  126
  135
  136
  143
  133
  125
  126
  133
  123
136
  137
  144
  134
  137
  138
  145
  135
  144
  145
  153
  142
  134
  135
  142
  132
144
  145
  153
  142
  145
  146
  154
  143
  153
  154
  161
  151
  142
  143
  151
  140
153
  154
  161
  151
  154
  155
  162
  152
  161
  162
  170
  159
  151
  152
  159
  149
161
  162
  170
  159
  162
  163
  171
  160
  170
  171
  179
  168
  159
  160
  168
  157
170
  171
  179
  168
  171
  172
  180
  169
  179
  180
  189
  177
  168
  169
  177
  166
178
  179
  188
  176
  179
  180
  189
  177
  188
  189
  198
  186
  176
  177
  186
  174
187
  188
  196
  185
  188
  189
  197
  186
  196
  198
  206
  194
  185
  186
  194
  183
195
  196
  205
  193
  196
  197
  206
  194
  205
  206
  216
  203
  193
  194
  203
  191
204
  205
  214
  202
  205
  206
  215
  203
  214
  215
  224
  212
  202
  203
  212
  200
212
  213
  223
  210
  213
  214
  224
  211
  223
  224
  234
  221
  210
  211
  221
  208
221
  221
  228
  219
  222
  222
  229
  220
  232
  232
  239
  230
  219
  219
  226
  217
102
  102
  108
  101
  103
  103
  109
  102
  109
  109
  115
  108
  100
  100
  106
   99
110
  111
  118
  108
  111
  112
  119
  109
  118
  119
  126
  116
  108
  109
  116
  106
119
  120
  126
  117
  120
  121
  127
  118
  126
  127
  134
  124
  117
  118
  124
  115
127
  128
  135
  125
  128
  129
  136
  126
  135
  136
  143
  133
  125
  126
  133
  123
136
  137
  144
  134
  137
  138
  145
  135
  144
  145
  153
  142
  134
  135
  142
  132
144
  145
  153
  142
  145
  146
  154
  143
  153
  154
  161
  151
  142
  143
  151
  140
153
  154
  161
  151
  154
  155
  162
  152
  161
  162
  170
  159
  151
  152
  159
  149
161
  162
  170
  159
  162
  163
  171
  160
  170
  171
  179
  168
  159
  160
  168
  157
170
  171
  179
  168
  171
  172
  180
  169
  179
  180
  189
  177
  168
  169
  177
  166
178
  179
  188
  176
  179
  180
  189
  177
  188
  189
  198
  186
  176
  177
  186
  174
187
  188
  196
  185
  188
  189
  197
  186
  196
  198
  206
  194
  185
  186
  194
  183
195
  196
  205
  193
  196
  197
  206
  194
  205
  206
  216
  203
  193
  194
  203
  191
204
  205
  214
  202
  205
  206
  215
  203
  214
  215
  225
  212
  202
  203
  212
  200
212
  213
  222
  210
  213
  214
  223
  211
  223
  224
  233
  221
  210
  211
  220
  208
221
  222
  232
  219
  222
  223
  233
  220
  232
  233
  227
  229
  219
  220
  230
  217
229
  229
  236
  228
  230
  230
  237
  229
  240
  240
  231
  239
  227
  227
  235
  226
110
  111
  117
  109
  111
  112
  118
  110
  117
  118
  124
  116
  108
  109
  115
  107
119
  120
  127
  117
  120
  121
  128
  118
  126
  127
  135
  124
  117
  118
  125
  115
127
  128
  135
  125
  128
  129
  136
  126
  135
  136
  143
  132
  125
  126
  133
  123
136
  137
  144
  134
  137
  138
  145
  135
  143
  144
  152
  141
  134
  135
  142
  132
144
  145
  153
  142
  145
  146
  154
  143
  152
  153
  161
  150
  142
  143
  151
  140
153
  154
  161
  151
  154
  155
  162
  152
  161
  162
  170
  159
  151
  152
  159
  149
161
  162
  170
  159
  162
  163
  171
  160
  170
  171
  179
  168
  159
  160
  168
  157
170
  171
  179
  168
  171
  172
  180
  169
  178
  179
  188
  176
  168
  169
  177
  166
178
  179
  188
  176
  179
  180
  189
  177
  187
  188
  197
  185
  176
  177
  186
  174
187
  188
  196
  185
  188
  189
  197
  186
  196
  197
  206
  194
  185
  186
  194
  183
195
  196
  205
  193
  196
  197
  206
  194
  205
  206
  215
  203
  193
  194
  203
  191
204
  205
  214
  202
  205
  206
  215
  203
  214
  215
  224
  211
  202
  203
  212
  200
212
  213
  223
  210
  213
  214
  224
  211
  222
  223
  234
  220
  210
  211
  221
  208
221
  222
  231
  219
  222
  223
  232
  220
  231
  232
  242
  229
  219
  220
  229
  217
229
  230
  241
  227
  230
  231
  262
  228
  240
  241
  280
  238
  227
  228
  223
  225
238
  238
  245
  236
  239
  239
  266
  237
  249
  249
  284
  247
  236
  236
  227
  234
119
  119
  126
  118
  120
  120
  127
  119
  127
  127
  135
  126
  117
  117
  124
  116
127
  128
  136
  125
  128
  129
  137
  126
  135
  136
  144
  133
  125
  126
  134
  123
136
  137
  144
  134
  137
  138
  145
  135
  144
  145
  153
  142
  134
  135
  142
  132
144
  145
  153
  142
  145
  146
  154
  143
  153
  154
  162
  151
  142
  143
  151
  140
153
  154
  161
  151
  154
  155
  162
  152
  162
  163
  170
  160
  151
  152
  159
  149
161
  162
  170
  159
  162
  163
  172
  160
  170
  172
  180
  168
  159
  160
  168
  157
170
  171
  179
  168
  171
  172
  180
  169
  179
  180
  189
  177
  168
  169
  177
  166
178
  179
  188
  176
  179
  180
  189
  177
  188
  189
  198
  186
  176
  177
  186
  174
187
  188
  196
  185
  188
  189
  197
  186
  197
  198
  207
  195
  185
  186
  194
  183
195
  196
  205
  193
  196
  197
  207
  194
  206
  207
  216
  203
  193
  194
  203
  191
204
  205
  214
  202
  205
  206
  215
  203
  214
  216
  225
  212
  202
  203
  212
  200
212
  213
  223
  210
  213
  214
  224
  211
  223
  224
  235
  221
  210
  211
  221
  208
221
  222
  232
  219
  222
  223
  233
  220
  232
  233
  243
  230
  219
  220
  230
  217
229
  230
  240
  227
  230
  231
  241
  228
  241
  242
  252
  239
  227
  228
  238
  225
238
  239
  250
  236
  239
  240
  203
  237
  250
  251
  130
  247
  236
  237
  272
  234
246
  246
  254
  245
  247
  247
  207
  246
  258
  258
  135
  257
  244
  244
  276
  243
127
  128
  135
  126
  127
  128
  135
  126
  131
  132
  139
  130
  126
  126
  134
  125
136
  137
  144
  134
  136
  137
  144
  134
  140
  141
  148
  138
  134
  135
  143
  132
144
  145
  153
  142
  144
  145
  153
  142
  148
  149
  158
  146
  143
  144
  152
  141
153
  154
  161
  151
  153
  154
  161
  151
  158
  159
  166
  156
  151
  152
  160
  149
161
  162
  170
  159
  161
  162
  170
  159
  166
  167
  175
  164
  160
  161
  168
  158
170
  171
  179
  168
  170
  171
  179
  168
  175
  176
  185
  173
  168
  169
  178
  166
178
  179
  188
  176
  178
  179
  188
  176
  183
  184
  194
  181
  177
  178
  187
  175
187
  188
  196
  185
  187
  188
  196
  185
  193
  194
  202
  191
  185
  186
  195
  183
195
  196
  205
  193
  195
  196
  205
  193
  201
  202
  211
  199
  194
  195
  203
  192
204
  205
  214
  202
  204
  205
  214
  202
  210
  211
  221
  208
  202
  203
  213
  200
212
  213
  223
  210
  212
  213
  223
  210
  218
  219
  230
  216
  211
  212
  222
  209
221
  222
  232
  219
  221
  222
  232
  219
  228
  229
  239
  226
  219
  220
  231
  217
229
  230
  240
  227
  229
  230
  240
  227
  236
  237
  247
  234
  228
  229
  239
  226
238
  239
  249
  236
  238
  239
  249
  236
  245
  246
  257
  243
  236
  237
  248
  234
246
  247
  258
  244
  246
  247
16362
  244
  254
  255
16358
  251
  245
  246
   49
  243
255
  255
  263
  253
  255
  255
16367
  253
  263
  263
16363
  261
  253
  253
   54
  252
$finish called from file "interpolator_super.sv", line 301.
$finish at simulation time                23205
           V C S   S i m u l a t i o n   R e p o r t 
Time: 23205
CPU Time:      0.670 seconds;       Data structure size:   0.0Mb
Wed Dec  5 06:17:45 2018
