Chronologic VCS simulator copyright 1991-2015
Contains Synopsys proprietary information.
Compiler version K-2015.09_Full64; Runtime version K-2015.09_Full64;  Dec  5 06:16 2018
  0
    1
    2
16383
    1
    2
    3
  236
    2
    4
    4
  110
16383
    0
    1
  306
  8
   11
   10
    6
   10
   14
   12
    8
   10
   13
   10
    8
    8
   11
   10
    6
 17
   20
   17
   17
   20
   24
   20
   20
   17
   20
   17
   17
   18
   22
   18
   18
 25
   30
   24
   26
   29
   35
   28
   31
   24
   29
   23
   25
   27
   33
   26
   28
 34
   40
   32
   36
   39
   46
   37
   42
   31
   37
   29
   33
   37
   44
   35
   40
 42
   49
   39
   45
   48
   56
   45
   52
   38
   45
   35
   41
   46
   54
   43
   50
 51
   59
   46
   55
   58
   67
   52
   63
   45
   53
   41
   49
   57
   66
   51
   61
 59
   68
   53
   64
   67
   78
   60
   73
   53
   61
   47
   57
   65
   75
   59
   71
 68
   78
   60
   74
   77
   89
   68
   84
   60
   69
   53
   65
   76
   87
   67
   82
 76
   87
   67
   83
   87
   99
   76
   95
   67
   77
   59
   73
   85
   97
   74
   92
 85
   97
   75
   93
   96
  110
   85
  106
   74
   85
   65
   81
   95
  108
   84
  104
 93
  106
   82
  102
  106
  121
   93
  116
   81
   93
   71
   89
  104
  118
   91
  114
102
  116
   89
  112
  116
  132
  101
  127
   88
  101
   77
   97
  114
  130
   99
  125
110
  125
   96
  122
  125
  142
  109
  139
   96
  109
   83
  106
  123
  140
  107
  136
119
  135
  104
  131
  135
  153
  118
  148
  103
  117
   90
  113
  133
  151
  116
  147
127
  143
  107
  141
  144
  162
  121
  160
  110
  124
   93
  122
  142
  160
  119
  158
  8
   10
   10
    8
   11
   13
   13
16375
   10
   12
   11
16375
    6
    8
    9
   58
 17
   21
   17
   16
   21
   25
   21
   20
   17
   21
   17
   17
   16
   21
   17
   15
 25
   29
   24
   26
   30
   35
   28
   31
   25
   28
   23
   26
   26
   30
   25
   26
 34
   40
   32
   36
   40
   47
   37
   42
   32
   37
   30
   34
   36
   42
   34
   38
 42
   49
   39
   45
   49
   57
   45
   53
   39
   45
   36
   42
   45
   52
   42
   48
 51
   59
   46
   55
   59
   68
   53
   64
   46
   53
   41
   50
   55
   63
   50
   59
 59
   68
   53
   64
   68
   78
   61
   74
   53
   61
   47
   58
   64
   74
   57
   69
 68
   78
   60
   74
   78
   90
   69
   85
   60
   69
   53
   66
   74
   85
   65
   80
 76
   87
   67
   83
   87
  100
   77
   95
   68
   77
   60
   74
   83
   95
   73
   91
 85
   97
   75
   93
   97
  111
   86
  106
   75
   85
   66
   82
   93
  106
   82
  102
 93
  106
   82
  102
  106
  121
   94
  117
   82
   93
   72
   90
  102
  116
   90
  112
102
  116
   89
  112
  116
  132
  101
  128
   89
  101
   78
   98
  112
  128
   98
  123
110
  125
   96
  121
  125
  143
  109
  138
   96
  110
   84
  106
  121
  138
  106
  133
119
  135
  103
  132
  135
  154
  117
  150
  104
  117
   90
  115
  131
  149
  114
  146
127
  145
  111
  140
  145
  165
  126
  159
  111
  126
   96
  122
  140
  160
  123
  155
136
  153
  115
  151
  155
  174
  130
  172
  118
  133
   99
  131
  150
  169
  127
  167
 17
   20
   17
   18
   20
   24
   20
   34
   17
   20
   17
   30
   17
   20
   17
    6
 25
   30
   25
   26
   29
   35
   29
   31
   24
   29
   24
   26
   26
   31
   26
   27
 34
   39
   31
   36
   39
   45
   36
   42
   31
   36
   29
   34
   36
   41
   33
   38
 42
   49
   39
   45
   49
   57
   45
   52
   39
   45
   35
   42
   45
   53
   42
   48
 51
   59
   46
   55
   59
   68
   53
   63
   46
   53
   41
   50
   55
   64
   50
   59
 59
   68
   53
   64
   68
   78
   61
   74
   53
   61
   47
   58
   64
   74
   58
   70
 68
   78
   60
   74
   78
   89
   68
   85
   60
   69
   53
   66
   74
   85
   66
   81
 76
   87
   67
   83
   87
   99
   77
   95
   67
   77
   59
   74
   83
   96
   73
   91
 85
   97
   75
   93
   97
  110
   85
  106
   74
   85
   66
   82
   93
  107
   82
  102
 93
  106
   82
  102
  106
  121
   93
  116
   82
   93
   71
   90
  102
  117
   90
  112
102
  116
   89
  112
  116
  132
  101
  127
   89
  101
   77
   98
  112
  128
   98
  124
110
  125
   96
  121
  125
  142
  109
  138
   96
  109
   83
  106
  122
  138
  106
  134
119
  135
  103
  131
  135
  153
  117
  149
  103
  117
   90
  114
  132
  149
  114
  145
127
  144
  110
  141
  144
  164
  125
  160
  110
  125
   95
  123
  141
  160
  122
  156
136
  155
  118
  150
  154
  176
  134
  170
  117
  134
  102
  130
  151
  172
  131
  166
144
  162
  121
  160
  163
  184
  137
  182
  125
  140
  105
  139
  160
  180
  134
  178
 25
   29
   24
   27
   30
   34
   28
   28
   24
   28
   23
   23
   26
   30
   25
   32
 34
   40
   32
   36
   40
   47
   37
   42
   32
   37
   29
   34
   36
   42
   34
   38
 42
   49
   39
   45
   49
   57
   45
   52
   39
   45
   35
   42
   45
   52
   42
   48
 51
   59
   46
   55
   59
   68
   53
   63
   46
   53
   41
   50
   55
   64
   50
   59
 59
   68
   53
   64
   68
   78
   61
   74
   53
   61
   47
   58
   64
   74
   58
   69
 68
   78
   60
   74
   78
   89
   68
   85
   60
   69
   53
   66
   74
   85
   66
   81
 76
   87
   67
   83
   87
  100
   77
   95
   67
   77
   59
   74
   83
   95
   73
   91
 85
   97
   75
   93
   97
  111
   85
  106
   75
   85
   66
   82
   93
  106
   82
  102
 93
  106
   82
  102
  106
  121
   93
  116
   82
   93
   72
   90
  102
  117
   90
  112
102
  116
   89
  112
  116
  132
  101
  128
   89
  101
   78
   98
  112
  128
   98
  123
110
  125
   96
  121
  125
  142
  109
  138
   96
  109
   84
  106
  121
  138
  106
  134
119
  135
  103
  131
  135
  153
  117
  149
  103
  117
   89
  114
  131
  149
  114
  145
127
  144
  111
  141
  144
  164
  126
  160
  110
  125
   96
  123
  141
  159
  123
  156
136
  154
  117
  151
  154
  175
  133
  171
  118
  133
  102
  131
  151
  171
  130
  167
144
  164
  125
  159
  163
  186
  142
  180
  125
  142
  108
  138
  160
  182
  139
  176
153
  172
  129
  170
  173
  195
  146
  193
  132
  148
  111
  147
  170
  191
  143
  189
 34
   39
   31
   37
   40
   45
   36
   43
   32
   36
   29
   34
   36
   41
   33
   39
 42
   49
   39
   45
   49
   57
   45
   52
   39
   45
   35
   42
   45
   53
   42
   48
 51
   59
   46
   55
   59
   68
   53
   63
   46
   53
   41
   50
   55
   64
   50
   59
 59
   68
   53
   64
   68
   78
   61
   74
   53
   61
   47
   58
   64
   74
   58
   69
 68
   78
   60
   74
   78
   89
   68
   85
   60
   69
   53
   66
   74
   85
   66
   81
 76
   87
   67
   83
   87
  100
   77
   95
   67
   77
   59
   74
   83
   95
   73
   91
 85
   97
   75
   93
   97
  111
   85
  106
   75
   85
   66
   82
   93
  106
   82
  102
 93
  106
   82
  102
  106
  121
   93
  116
   82
   93
   72
   90
  102
  117
   90
  112
102
  116
   89
  112
  116
  132
  101
  128
   89
  101
   78
   98
  112
  128
   98
  123
110
  125
   96
  121
  125
  142
  109
  138
   96
  109
   84
  106
  121
  138
  106
  134
119
  135
  103
  131
  135
  153
  117
  149
  103
  117
   89
  114
  131
  149
  114
  145
127
  144
  110
  141
  144
  164
  125
  160
  110
  125
   96
  123
  141
  159
  122
  156
136
  154
  118
  151
  154
  175
  134
  171
  118
  133
  102
  131
  151
  171
  131
  167
144
  163
  125
  160
  163
  185
  142
  182
  125
  141
  108
  139
  160
  181
  138
  177
153
  174
  132
  169
  173
  197
  149
  192
  132
  150
  114
  146
  170
  193
  147
  187
161
  181
  136
  179
  183
  205
  154
  203
  139
  156
  117
  155
  179
  201
  151
  199
 42
   48
   38
   46
   49
   56
   44
   54
   39
   44
   34
   43
   45
   51
   41
   49
 51
   59
   46
   55
   59
   68
   53
   63
   46
   53
   41
   50
   55
   64
   50
   59
 59
   68
   53
   64
   68
   78
   61
   74
   53
   61
   47
   58
   64
   74
   58
   69
 68
   78
   60
   74
   78
   89
   68
   85
   60
   69
   53
   66
   74
   85
   66
   81
 76
   87
   67
   83
   87
  100
   77
   95
   67
   77
   59
   74
   83
   95
   73
   91
 85
   97
   75
   93
   97
  111
   85
  106
   75
   85
   66
   82
   93
  106
   82
  102
 93
  106
   82
  102
  106
  121
   93
  116
   82
   93
   72
   90
  102
  117
   90
  112
102
  116
   89
  112
  116
  132
  101
  128
   89
  101
   78
   98
  112
  128
   98
  123
110
  125
   96
  121
  125
  142
  109
  138
   96
  109
   84
  106
  121
  138
  106
  134
119
  135
  103
  131
  135
  153
  117
  149
  103
  117
   89
  114
  131
  149
  114
  145
127
  144
  110
  141
  144
  164
  125
  160
  110
  125
   96
  123
  141
  159
  122
  156
136
  154
  118
  151
  154
  175
  134
  171
  118
  133
  102
  131
  151
  171
  131
  167
144
  163
  125
  160
  163
  185
  142
  182
  125
  141
  108
  139
  160
  181
  139
  177
153
  173
  132
  170
  173
  196
  149
  193
  132
  149
  114
  147
  170
  192
  147
  189
161
  183
  139
  179
  183
  208
  158
  203
  139
  158
  120
  155
  179
  203
  154
  199
170
  191
  143
  189
  193
  216
  162
  214
  146
  164
  123
  163
  189
  212
  159
  210
 51
   58
   45
   57
   59
   67
   52
   65
   46
   52
   41
   51
   55
   63
   49
   61
 59
   68
   53
   64
   68
   78
   61
   74
   53
   61
   47
   58
   64
   74
   58
   69
 68
   78
   60
   74
   78
   89
   69
   85
   60
   69
   53
   66
   74
   85
   65
   81
 76
   87
   67
   83
   87
  100
   77
   95
   67
   77
   59
   74
   83
   95
   73
   91
 85
   97
   75
   93
   97
  111
   85
  106
   75
   85
   66
   82
   93
  106
   82
  102
 93
  106
   82
  102
  106
  121
   93
  116
   82
   93
   72
   90
  102
  117
   90
  112
102
  116
   89
  112
  116
  132
  101
  128
   89
  101
   78
   98
  112
  128
   98
  123
110
  125
   96
  121
  125
  142
  109
  138
   96
  109
   84
  106
  121
  138
  106
  134
119
  135
  103
  131
  135
  153
  117
  149
  103
  117
   89
  114
  131
  149
  114
  145
127
  144
  110
  141
  144
  164
  125
  160
  110
  125
   96
  123
  141
  159
  122
  156
136
  154
  118
  151
  154
  175
  134
  171
  118
  133
  102
  131
  151
  171
  131
  167
144
  163
  125
  160
  163
  185
  142
  182
  125
  141
  108
  139
  160
  181
  139
  177
153
  173
  132
  170
  173
  196
  150
  193
  132
  150
  114
  147
  170
  192
  146
  189
161
  182
  139
  179
  183
  206
  157
  203
  139
  157
  120
  155
  179
  202
  154
  199
170
  193
  147
  189
  193
  219
  166
  214
  146
  166
  127
  163
  189
  214
  163
  210
178
  200
  150
  198
  202
  227
  170
  224
  153
  172
  130
  171
  198
  222
  167
  220
 59
   67
   53
   65
   68
   77
   61
   75
   53
   60
   47
   59
   64
   73
   57
   71
 68
   78
   60
   74
   78
   89
   69
   85
   60
   69
   54
   66
   74
   85
   65
   81
 76
   87
   67
   83
   87
  100
   76
   95
   67
   77
   59
   74
   83
   95
   73
   91
 85
   97
   75
   93
   97
  111
   85
  106
   75
   85
   66
   82
   93
  106
   82
  102
 93
  106
   82
  102
  106
  121
   93
  116
   82
   93
   72
   90
  102
  117
   90
  112
102
  116
   89
  112
  116
  132
  101
  128
   89
  101
   78
   98
  112
  128
   98
  123
110
  125
   96
  121
  125
  142
  109
  138
   96
  109
   84
  106
  121
  138
  106
  134
119
  135
  103
  131
  135
  153
  117
  149
  103
  117
   89
  114
  131
  149
  114
  145
127
  144
  110
  141
  144
  164
  125
  160
  110
  125
   96
  123
  141
  159
  122
  156
136
  154
  118
  151
  154
  175
  134
  171
  118
  133
  102
  131
  151
  171
  131
  167
144
  163
  125
  160
  163
  185
  142
  182
  125
  141
  108
  139
  160
  181
  139
  177
153
  173
  132
  170
  173
  196
  150
  193
  132
  150
  114
  147
  170
  192
  146
  189
161
  183
  139
  179
  183
  208
  157
  203
  139
  158
  120
  155
  179
  203
  154
  199
170
  192
  146
  189
  193
  218
  165
  214
  146
  166
  126
  163
  189
  213
  162
  210
178
  202
  154
  198
  202
  229
  174
  224
  153
  174
  132
  171
  198
  225
  171
  220
187
  210
  158
  208
  212
  238
  179
  236
  161
  180
  135
  179
  208
  234
  176
  231
 68
   77
   60
   76
   78
   88
   68
   87
   60
   69
   53
   68
   74
   84
   66
   83
 76
   87
   68
   83
   87
  100
   78
   95
   67
   77
   60
   74
   83
   95
   74
   91
 85
   97
   74
   93
   97
  111
   84
  106
   75
   85
   65
   82
   93
  106
   81
  102
 93
  106
   82
  102
  106
  121
   93
  116
   82
   93
   72
   90
  102
  117
   90
  112
102
  116
   89
  112
  116
  132
  101
  128
   89
  101
   78
   98
  112
  128
   98
  123
110
  125
   96
  121
  125
  142
  109
  138
   96
  109
   84
  106
  121
  138
  106
  134
119
  135
  103
  131
  135
  153
  117
  149
  103
  117
   89
  114
  131
  149
  114
  145
127
  144
  110
  141
  144
  164
  125
  160
  110
  125
   96
  123
  141
  159
  122
  156
136
  154
  118
  151
  154
  175
  134
  171
  118
  133
  102
  131
  151
  171
  131
  167
144
  163
  125
  160
  163
  185
  142
  182
  125
  141
  108
  139
  160
  181
  139
  177
153
  173
  132
  170
  173
  196
  150
  193
  132
  150
  114
  147
  170
  192
  146
  189
161
  183
  139
  179
  183
  208
  157
  203
  139
  158
  120
  155
  179
  203
  154
  199
170
  193
  146
  189
  193
  219
  165
  214
  146
  166
  126
  163
  189
  215
  162
  210
178
  202
  153
  198
  202
  229
  173
  224
  153
  174
  131
  171
  198
  225
  170
  220
187
  212
  161
  208
  212
  240
  182
  236
  161
  182
  138
  179
  208
  236
  179
  231
195
  219
  164
  218
  221
  248
  186
  247
  168
  193
  141
  191
  217
  244
  183
  243
 76
   87
   67
   85
   87
   99
   76
   97
   67
   77
   59
   75
   83
   95
   73
   93
 85
   97
   75
   93
   97
  111
   85
  106
   75
   85
   66
   82
   93
  106
   82
  102
 93
  106
   82
  102
  106
  121
   93
  116
   82
   93
   72
   90
  102
  117
   90
  112
102
  116
   89
  112
  116
  132
  101
  128
   89
  101
   78
   98
  112
  128
   98
  123
110
  125
   96
  121
  125
  142
  109
  138
   96
  109
   84
  106
  121
  138
  106
  134
119
  135
  103
  131
  135
  153
  117
  149
  103
  117
   89
  114
  131
  149
  114
  145
127
  144
  110
  141
  144
  164
  125
  160
  110
  125
   96
  123
  141
  159
  122
  156
136
  154
  118
  151
  154
  175
  134
  171
  118
  133
  102
  131
  151
  171
  131
  167
144
  163
  125
  160
  163
  185
  142
  182
  125
  141
  108
  139
  160
  181
  139
  177
153
  173
  132
  170
  173
  196
  150
  193
  132
  150
  114
  147
  170
  192
  146
  189
161
  183
  139
  179
  183
  208
  157
  203
  139
  158
  120
  155
  179
  203
  154
  199
170
  193
  146
  189
  193
  219
  165
  214
  146
  166
  126
  163
  189
  215
  162
  210
178
  202
  154
  198
  202
  229
  174
  224
  153
  174
  132
  171
  198
  225
  171
  220
187
  212
  160
  208
  212
  240
  181
  236
  161
  182
  138
  179
  208
  236
  178
  231
195
  221
  168
  217
  221
  250
  190
  246
  168
  194
  144
  187
  217
  246
  187
  242
204
  229
  172
  227
  231
  255
  195
  253
  175
  184
  148
  183
  227
  259
  191
  257
 85
   96
   74
   95
   97
  110
   84
  108
   75
   85
   65
   83
   93
  106
   81
  104
 93
  106
   82
  102
  106
  121
   93
  116
   82
   93
   72
   90
  102
  117
   90
  112
102
  116
   89
  112
  116
  132
  101
  128
   89
  101
   78
   98
  112
  128
   98
  123
110
  125
   96
  121
  125
  142
  109
  138
   96
  109
   84
  106
  121
  138
  106
  134
119
  135
  103
  131
  135
  153
  117
  149
  103
  117
   89
  114
  131
  149
  114
  145
127
  144
  110
  141
  144
  164
  125
  160
  110
  125
   96
  123
  141
  159
  122
  156
136
  154
  118
  151
  154
  175
  134
  171
  118
  133
  102
  131
  151
  171
  131
  167
144
  163
  125
  160
  163
  185
  142
  182
  125
  141
  108
  139
  160
  181
  139
  177
153
  173
  132
  170
  173
  196
  150
  193
  132
  150
  114
  147
  170
  192
  146
  189
161
  183
  139
  179
  183
  208
  157
  203
  139
  158
  120
  155
  179
  203
  154
  199
170
  193
  146
  189
  193
  219
  165
  214
  146
  166
  126
  163
  189
  215
  162
  210
178
  202
  153
  198
  202
  229
  173
  224
  153
  174
  132
  171
  198
  225
  170
  220
187
  212
  161
  208
  212
  240
  182
  236
  161
  182
  138
  179
  208
  236
  179
  231
195
  221
  168
  217
  221
  250
  190
  246
  168
  194
  144
  187
  217
  246
  187
  242
204
  231
  175
  227
  231
  257
  198
  257
  175
  186
  151
  199
  227
  261
  195
  253
212
  238
  179
  237
  240
  282
  202
  280
  182
  225
  153
  224
  236
  253
  199
  252
 93
  106
   81
  104
  106
  121
   92
  119
   82
   93
   71
   91
  102
  116
   89
  114
102
  116
   89
  112
  116
  132
  101
  128
   89
  101
   77
   98
  112
  128
   98
  123
110
  125
   96
  122
  125
  142
  109
  139
   96
  109
   83
  107
  121
  138
  106
  135
119
  135
  103
  131
  135
  153
  117
  149
  103
  117
   89
  114
  131
  149
  114
  145
127
  144
  110
  141
  144
  164
  125
  160
  110
  125
   96
  123
  141
  159
  122
  156
136
  154
  118
  151
  154
  175
  134
  171
  118
  133
  102
  131
  151
  171
  131
  167
144
  163
  125
  160
  163
  185
  142
  182
  125
  141
  108
  139
  160
  181
  139
  177
153
  173
  132
  170
  173
  196
  150
  193
  132
  150
  114
  147
  170
  192
  146
  189
161
  183
  139
  179
  183
  208
  157
  203
  139
  158
  120
  155
  179
  203
  154
  199
170
  193
  146
  189
  193
  219
  165
  214
  146
  166
  126
  163
  189
  215
  162
  210
178
  202
  153
  198
  202
  229
  173
  224
  153
  174
  132
  171
  198
  225
  170
  220
187
  212
  161
  208
  212
  240
  182
  236
  161
  182
  138
  179
  208
  236
  179
  231
195
  221
  168
  217
  221
  250
  190
  246
  168
  194
  144
  187
  217
  246
  187
  242
204
  231
  175
  227
  231
  257
  198
  257
  175
  186
  150
  199
  227
  261
  195
  253
212
  240
  183
  236
  240
  284
  207
  263
  182
  226
  157
  191
  236
  255
  204
  267
221
  249
  186
  247
  250
  229
  210
  227
  189
  105
  159
  104
  246
  297
  207
  295
102
  116
   88
  114
  116
  132
  100
  130
   89
  101
   77
  100
  112
  128
   97
  126
110
  125
   96
  121
  125
  142
  109
  138
   96
  109
   84
  106
  121
  138
  106
  134
119
  135
  103
  132
  135
  153
  117
  150
  103
  117
   90
  115
  131
  149
  114
  146
127
  144
  110
  141
  144
  164
  125
  160
  111
  125
   96
  123
  141
  159
  122
  156
136
  154
  118
  151
  154
  175
  134
  171
  118
  133
  102
  131
  151
  171
  131
  167
144
  163
  125
  160
  163
  185
  142
  182
  125
  141
  108
  139
  160
  181
  139
  177
153
  173
  132
  170
  173
  196
  150
  193
  132
  150
  114
  147
  170
  192
  146
  189
161
  183
  139
  179
  183
  208
  157
  203
  139
  158
  120
  155
  179
  203
  154
  199
170
  193
  146
  189
  193
  219
  165
  214
  146
  166
  126
  163
  189
  215
  162
  210
178
  202
  153
  198
  202
  229
  173
  224
  154
  174
  132
  171
  198
  225
  170
  220
187
  212
  161
  208
  212
  240
  182
  236
  161
  182
  138
  179
  208
  236
  179
  231
195
  221
  168
  217
  221
  250
  190
  246
  168
  190
  144
  187
  217
  246
  187
  242
204
  231
  175
  227
  231
  257
  198
  257
  175
  186
  150
  195
  227
  261
  195
  253
212
  240
  182
  236
  240
  284
  206
  263
  182
  226
  156
  191
  236
  255
  203
  267
221
  250
  190
  246
  250
  231
  215
  290
  189
  106
  163
  231
  246
  299
  212
  262
229
  257
  193
  256
  259
16367
  218
16366
  197
16369
  166
16368
  255
   51
  215
   49
110
  125
   96
  123
  125
  142
  109
  140
   96
  109
   83
  107
  122
  138
  106
  136
119
  135
  104
  131
  135
  153
  118
  149
  103
  117
   90
  114
  132
  149
  115
  145
127
  144
  110
  141
  144
  163
  125
  160
  110
  125
   95
  122
  141
  160
  122
  156
136
  154
  118
  151
  154
  175
  134
  171
  117
  133
  102
  130
  151
  171
  131
  167
144
  163
  125
  160
  163
  185
  142
  182
  125
  141
  108
  138
  160
  181
  139
  178
153
  173
  132
  170
  173
  196
  149
  193
  132
  149
  114
  146
  170
  192
  147
  189
161
  183
  139
  179
  182
  207
  157
  203
  139
  158
  120
  154
  179
  203
  154
  199
170
  193
  146
  189
  192
  218
  165
  214
  146
  166
  125
  163
  189
  215
  162
  210
178
  202
  153
  198
  202
  229
  173
  224
  153
  174
  132
  170
  198
  225
  170
  220
187
  212
  161
  208
  212
  240
  182
  235
  160
  182
  138
  179
  208
  236
  179
  232
195
  221
  168
  217
  221
  250
  190
  246
  168
  190
  144
  186
  217
  246
  187
  242
204
  231
  175
  227
  231
  261
  198
  257
  175
  198
  150
  195
  227
  257
  195
  253
212
  240
  182
  236
  240
  283
  206
  267
  182
  226
  156
  203
  236
  256
  203
  263
221
  250
  189
  246
  250
  231
  214
  290
  189
  106
  162
  231
  246
  299
  211
  262
229
  259
  197
  255
  259
16369
  223
  236
  196
16370
  168
  111
  255
   53
  220
  305
238
  268
  201
  266
  269
   27
  227
   25
  203
   25
  171
   23
  265
16383
  224
16381
119
  135
  103
  133
  135
  154
  117
  151
  104
  118
   90
  116
  131
  149
  114
  147
127
  145
  111
  140
  145
  165
  126
  159
  111
  127
   96
  122
  140
  160
  123
  155
136
  154
  117
  151
  155
  175
  133
  172
  118
  134
  102
  131
  150
  170
  129
  167
144
  163
  125
  160
  164
  185
  142
  182
  125
  142
  108
  139
  159
  181
  138
  177
153
  173
  132
  170
  174
  197
  150
  193
  132
  150
  114
  147
  169
  192
  146
  188
161
  183
  139
  179
  183
  208
  158
  203
  139
  159
  120
  155
  179
  203
  154
  199
170
  193
  146
  189
  193
  219
  166
  214
  147
  167
  126
  163
  189
  214
  162
  210
178
  202
  153
  198
  202
  229
  174
  225
  154
  175
  132
  171
  198
  224
  170
  220
187
  212
  161
  208
  212
  240
  182
  236
  161
  183
  139
  179
  208
  236
  179
  231
195
  221
  168
  217
  221
  251
  190
  246
  168
  191
  144
  187
  217
  246
  187
  241
204
  231
  175
  227
  231
  262
  198
  257
  175
  199
  150
  195
  227
  257
  195
  252
212
  240
  182
  236
  240
  272
  206
  267
  183
  207
  156
  203
  236
  267
  203
  263
221
  250
  189
  246
  250
  231
  214
  279
  190
  107
  163
  211
  246
  298
  210
  274
229
  259
  196
  255
  259
16369
  222
  237
  197
16371
  168
  111
  255
   53
  218
  304
238
  269
  204
  265
  269
   28
  231
16376
  204
   27
  175
16375
  265
    0
  227
   59
246
  277
  207
  275
  278
   21
  234
   19
  211
   18
  178
   16
  274
   25
  231
   23
127
  144
  110
  142
  143
  162
  124
  160
  107
  121
   93
  120
  141
  160
  122
  158
136
  155
  118
  150
  153
  174
  133
  169
  115
  131
   99
  127
  151
  172
  131
  166
144
  163
  125
  160
  162
  183
  141
  180
  121
  137
  105
  135
  160
  181
  139
  178
153
  173
  132
  170
  172
  195
  148
  191
  129
  146
  111
  143
  170
  192
  147
  189
161
  183
  139
  179
  181
  206
  156
  201
  136
  154
  117
  151
  179
  204
  155
  199
170
  193
  146
  189
  191
  217
  164
  213
  143
  163
  123
  159
  189
  215
  163
  210
178
  202
  153
  198
  200
  227
  172
  223
  150
  170
  129
  167
  198
  225
  170
  221
187
  212
  161
  208
  210
  239
  181
  234
  158
  179
  136
  176
  208
  236
  179
  232
195
  221
  168
  217
  219
  249
  189
  244
  164
  186
  142
  183
  218
  247
  187
  242
204
  231
  175
  227
  229
  260
  197
  255
  172
  195
  148
  192
  227
  258
  195
  253
212
  240
  182
  236
  238
  270
  205
  265
  179
  202
  153
  199
  237
  268
  203
  264
221
  250
  189
  246
  249
  281
  212
  277
  186
  211
  159
  208
  247
  279
  211
  274
229
  259
  197
  255
  257
16367
  222
  287
  193
16366
  166
  215
  256
   53
  220
  285
238
  269
  203
  265
  268
   27
  228
16374
  201
   23
  171
16372
  266
    0
  227
   60
246
  278
  211
  274
  277
   21
  237
   32
  207
   14
  178
   27
  275
   27
  236
    6
255
  287
  215
  285
  287
   35
  242
   33
  215
   26
  181
   24
  285
   33
  240
   30
$finish called from file "interpolator_super.sv", line 301.
$finish at simulation time                23205
           V C S   S i m u l a t i o n   R e p o r t 
Time: 23205
CPU Time:      0.660 seconds;       Data structure size:   0.0Mb
Wed Dec  5 06:16:27 2018
